29
27
60
45
36
34
33
37
36
35
44
40
33
33
40
40
41
27
36
43
45
69
45
52
52
62
7
34
23
56
57
10
39
13
39
35
13
25
45
13
47
26
17
51
4
8
6
10
8
10
73
64
96
74
97
75
77
76
102
78
78
80
78
4
39
94
26
107
107
102
128
43
30
29
119
68
113
77
68
9
44
41
74
109
111
109
65
109
117
44
113
33
42
10
28
10
12
7
29
55
17
45
113
25
16
13
43
34
33
13
6
25
49
15
46
15
8
58
8
7
6
35
7
9
7
55
6
10
35
12
8
14
33
5
51
59
24
4
46
76
5
62
9
2
19
4
45
15
3
31
4
7
25
20
91
13
5
3
5
3
29
5
6
3
2
1
3
3
4
5
1
69
65
54
56
37
54
47
51
38
9
8
60
28
28
85
27
29
24
124
99
100
6
11
13
18
17
6
6
7
4
43
5
7
5
4
73
3
9
164
6
112
22
12
77
99
105
13
64
16
10
67
9
36
10
6
7
3
62
43
74
63
43
68
60
71
66
55
47
53
43
50
52
50
47
46
47
43
43
132
92
109
38
148
113
125
66
35
36
134
31
98
155
24
45
113
64
84
77
51
59
38
45
43
39
258
35
187
89
24
22
32
20
22
24
23
21
21
25
23
14
20
30
50
27
30
30
57
19
19
42
15
16
18
76
40
18
42
88
46
58
74
77
84
52
83
53
68
74
57
237
72
71
62
77
63
57
75
48
49
45
22
82
17
21
73
24
88
19
18
27
57
29
68
63
57
85
115
76
80
44
80
37
53
151
83
53
82
56
66
59
34
66
27
61
122
92
61
61
64
18
57
69
13
20
21
88
60
96
69
77
95
96
45
61
66
44
33
49
23
108
23
32
18
57
63
39
30
30
30
30
30
39
22
29
15
25
18
9
9
18
16
11
18
22
8
4
14
43
18
39
35
24
20
27
37
53
17
34
24
22
32
26
36
24
25
30
35
28
26
22
21
17
35
39
26
17
18
24
18
41
16
20
6
30
15
35
21
35
28
20
23
23
17
11
6
15
20
8
9
10
24
21
28
14
17
25
15
21
22
31
17
19
22
26
19
14
30
22
9
15
16
15
14
15
11
17
17
15
29
19
19
22
11
39
8
6
21
21
39
24
54
46
57
53
28
27
38
30
31
30
61
32
41
29
35
29
33
34
49
47
47
55
48
59
71
48
62
54
51
55
61
72
76
80
82
93
72
73
61
82
76
77
81
88
78
87
73
91
69
79
73
81
86
79
73
82
70
70
88
57
157
63
72
85
85
80
122
78
85
63
92
85
63
92
85
64
77
64
69
72
80
77
68
77
82
95
100
94
70
93
76
65
91
73
60
78
52
57
64
59
78
52
68
59
87
52
92
56
79
87
85
53
29
53
53
48
31
51
37
37
53
101
18
36
36
105
112
115
43
108
30
92
122
56
35
43
135
128
49
55
46
81
151
78
27
42
40
60
29
97
90
141
114
132
58
156
116
126
103
104
77
49
43
93
63
125
56
110
92
99
86
120
67
54
39
123
30
150
34
29
28
34
15
71
51
37
45
48
34
44
109
50
42
69
46
53
65
47
65
41
48
38
93
53
64
54
44
65
43
150
58
48
62
44
43
56
62
38
31
29
52
78
157
125
149
7
15
15
95
116
19
19
32
50
89
103
39
49
37
37
51
105
41
79
93
84
95
115
91
44
19
216
145
133
155
174
143
141
219
108
150
12
14
171
233
18
289
50
17
12
21
26
37
11
8
127
12
305
15
13
139
16
13
10
127
15
28
15
33
124
28
27
17
147
26
30
48
47
14
16
20
163
15
12
12
6
9
19
11
7
11
32
14
21
15
3
6
6
6
5
17
17
28
9
5
9
13
14
17
53
8
9
3
2
31
28
7
6
3
5
6
30
33
52
80
146
65
97
65
67
93
94
82
69
65
84
82
63
108
61
62
77
119
66
71
11
11
53
10
38
71
9
104
32
73
15
10
9
10
12
13
78
22
18
17
20
7
68
11
11
12
15
10
27
12
13
24
13
32
91
15
20
40
27
35
18
15
23
22
22
17
24
16
19
24
19
25
17
21
6
23
34
8
54
41
20
39
25
39
30
26
27
24
16
34
10
27
19
27
32
23
14
11
25
59
35
21
14
4
39
48
44
17
22
6
7
13
12
17
10
15
10
4
9
14
5
53
3
72
88
50
35
8
22
6
7
4
2
13
4
80
45
97
23
43
86
54
16
14
72
52
12
108
10
10
75
79
101
64
42
35
32
25
31
14
18
15
13
2
38
3
21
2
27
62
112
36
3
49
55
73
112
69
39
79
20
22
18
123
13
123
21
67
14
16
20
47
43
14
45
14
25
10
93
56
12
11
14
19
21
19
15
21
12
26
15
13
11
13
12
16
30
8
18
19
20
13
16
12
15
15
21
10
4
10
16
15
11
10
6
4
11
12
14
12
8
25
11
39
13
23
29
21
9
9
6
9
12
3
24
33
31
15
9
29
30
30
6
19
16
23
13
19
13
20
13
8
15
10
18
9
21
9
12
15
16
12
15
11
10
8
12
10
8
17
11
6
30
8
31
29
17
14
10
4
30
4
24
30
37
27
22
37
30
37
13
15
10
26
21
40
32
34
17
13
20
14
11
13
27
16
38
11
31
48
35
31
51
28
26
39
32
33
74
55
37
54
53
28
35
32
40
34
29
41
37
62
63
31
36
24
23
40
54
20
60
38
52
24
54
29
68
41
22
34
28
26
26
28
49
21
26
43
56
46
33
71
22
41
17
44
32
43
45
48
33
31
51
67
34
46
36
37
14
24
21
20
29
46
90
9
16
17
13
19
44
87
59
48
32
69
58
53
22
13
13
21
16
14
22
61
39
69
42
17
18
16
28
16
35
26
15
20
15
33
37
16
15
15
15
56
18
24
48
30
22
16
27
34
20
19
28
18
15
14
26
14
33
24
89
29
19
14
41
13
70
51
41
27
21
47
44
46
59
82
74
60
59
60
114
87
84
89
59
41
84
89
61
54
51
51
51
47
40
38
29
90
35
33
88
48
49
31
63
18
17
50
40
23
73
135
37
74
28
28
21
68
21
88
34
18
33
45
57
25
55
10
69
16
70
17
2358
2348
2417
2423
2435
2413
2405
2410
2420
2496
2429
2427
2410
2443
2445
2446
2429
2485
2407
2413
2411
2418
2423
2444
2419
2431
2407
2413
2419
2413
2406
2406
2412
2418
2421
2414
2414
2407
2407
2406
2425
2416
2416
2417
2429
2434
2420
2418
2409
2413
2402
2422
2417
2405
2415
2415
2413
2430
2415
2407
2410
2406
2419
2407
2416
2401
2407
2410
2406
2409
2408
2432
2407
2401
2410
2403
2395
2424
2399
2399
2396
2402
2406
2405
2411
2400
2412
2397
2392
2396
2389
2386
2390
2408
2400
2398
2411
2392
2394
2393
2454
2389
2411
2401
2392
2407
2385
2407
2408
2387
2397
2415
2387
2397
2405
2395
2406
2403
2404
2400
2395
2414
2393
2396
2415
2402
2399
2400
2396
2399
2396
2393
2420
2404
2386
2381
2397
2406
2394
2375
2372
2355
2403
2395
2379
2366
2377
2373
2387
2380
2382
2405
2377
2352
2362
2349
2345
2360
2352
2355
2362
2343
2366
2337
2360
2332
2337
2346
2331
2338
2442
2327
2342
2324
2431
2436
2438
2432
2396
2408
2329
2438
2458
2338
2324
2332
2431
2432
2418
2416
2358
2365
2366
2363
2369
2421
2382
2466
2430
2419
2406
2444
2450
2372
2449
2463
2437
2423
2400
2389
2417
2392
2393
2393
2399
2420
2354
2317
2344
2317
2317
2313
2308
2308
2309
2306
2306
2303
2308
2323
2320
2310
2305
2294
2293
2301
2302
2297
2291
2290
2293
2354
2294
2351
2292
2293
2351
2287
2287
2309
2291
2287
2349
2348
2356
2284
2308
2281
2290
2410
2301
2278
2300
2349
2282
2280
2364
2279
2275
2279
2269
2366
2410
2275
2273
2276
2275
2273
2298
2304
2269
2271
2263
2266
2277
2361
2281
2280
2271
2285
2368
2370
2386
2372
2381
2376
2277
2377
2282
2261
2265
2266
2265
2260
2256
2392
2466
2433
2387
2436
2333
2416
2425
2385
2383
2382
2418
2413
2326
2518
2410
2399
2413
2416
2468
2444
2432
2410
2286
2397
2395
2422
2418
2405
2315
2469
2424
2522
2414
2433
2407
2437
2460
2415
2394
2409
2402
2432
2412
2407
2399
2231
2391
2390
2392
2401
2403
2408
2411
2397
2403
2324
2383
2389
2395
2298
2380
2379
2382
2384
2389
2316
2304
2329
2401
2394
2170
2378
2312
2174
2169
2166
2362
2168
2375
2388
2375
2214
2390
2383
2364
2358
2319
2322
2312
2389
2339
2406
2356
2329
2341
2165
2302
2399
2335
2369
2378
2369
2303
2399
2355
2408
2167
2366
2360
2160
2348
2348
2373
2349
2258
2235
2238
2248
2260
2256
2277
2258
2242
2243
2260
2274
2267
2291
2290
2252
2281
2351
2315
2310
2306
2308
2309
2308
2302
2369
2294
2282
2295
2355
2282
2294
2273
2275
2276
2263
2268
2308
2304
2317
2300
2322
2297
2336
2305
2282
2294
2342
2339
2280
2284
2291
2287
2300
2303
2301
2294
2299
2297
2326
2330
2314
2337
2325
2320
2429
2315
2320
2322
2428
2165
2432
2169
2399
2339
2324
2350
2345
2403
2334
2326
2315
2273
2268
2276
2278
2280
2402
2345
2331
2385
2275
2310
2350
2335
2326
2333
2345
2327
2346
2349
2354
2301
2420
2308
2317
2298
2305
2310
2323
2314
2311
2360
2349
2305
2290
2341
2358
2300
2298
2291
2299
2290
2289
2297
2487
2302
2339
2338
2293
2304
2282
2334
2229
2228
2276
2292
2280
2260
2285
2341
2301
2314
2325
2311
2266
2315
2268
2288
2278
2273
2282
2285
2311
2257
2243
2242
2236
2261
2235
2310
2251
2256
2234
2331
2460
2323
2333
2320
2308
2321
2340
2329
2331
2327
2333
2342
2342
2340
2331
2350
2344
2333
2336
2385
2336
2340
2330
2339
2334
2340
2327
2334
2331
2328
2322
2342
2322
6110
6057
6050
6055
6043
6053
6051
6056
6047
6047
6067
6052
6047
6062
6052
6041
6051
6052
6045
6055
6057
6040
6043
6056
6046
6063
6034
6039
6113
6049
6047
6050
6065
6054
6110
6042
6045
6036
6057
6049
6058
6044
6043
6088
6036
6041
6066
6078
6044
6031
6047
6029
6028
6058
6053
6066
6053
6053
6062
6041
6081
6043
6058
6049
6062
6055
6000
6054
6003
6076
6067
6029
6001
6034
6001
6035
6049
6048
6046
6061
6047
6054
6067
6081
6075
6062
6007
6074
6059
6006
6006
6039
6005
6008
6044
6038
6073
6048
6012
6043
6012
6013
6012
6011
6013
6009
6012
6007
6005
6007
6041
6003
6033
6007
5998
6071
6005
5989
5998
6029
5976
5979
5947
5988
5991
6000
6009
5951
5951
5978
5950
5953
5956
5963
5969
5967
5965
5975
5971
5987
5990
6002
6065
6065
6067
6091
6067
6074
5943
5976
5942
5958
5956
5986
6075
5983
5975
5981
6138
5968
5980
5970
5981
5962
5973
5975
5969
5960
5966
5969
5958
6080
6021
5967
5958
5959
5954
5953
5953
5955
5951
5948
5950
5947
5945
5945
5943
5945
5945
5944
5942
5939
5942
5939
5942
5940
5942
5943
5963
6178
5937
5937
5934
5931
6136
5949
5929
5934
5935
5939
5935
5936
6109
6108
6109
6109
6112
6110
6155
5955
6142
6051
5939
5938
5932
5933
6099
5940
5933
5933
5944
6126
5938
6019
6105
6181
5939
5943
5939
6013
5939
5937
5937
5946
6013
5937
5951
5937
5933
5938
5931
6024
5910
5909
5918
5899
5934
5881
6046
5882
5865
5890
5866
5880
5882
5887
5887
5865
5904
5898
6009
5969
5900
6005
5931
6012
6006
5936
5928
5930
5964
5865
5922
5904
5852
6008
5902
6142
6050
6155
6054
6035
6035
6052
6027
6034
6027
6025
6017
6015
5798
6020
6008
6008
6016
6054
6060
6029
6055
6037
6168
6014
6158
6209
6148
6142
5787
5792
6095
6111
5797
5999
5794
6012
6102
6096
6098
6008
5787
5788
5991
6129
6026
6139
6023
6127
6015
6015
6006
6017
6017
6017
6005
5999
6176
6000
6144
6008
6131
6132
6135
6142
6141
6153
6102
6118
6055
5798
5866
5873
5882
5870
5895
6144
5884
6156
6031
6131
6138
6120
6135
6145
6103
6040
6097
6116
6010
6004
5866
5865
6116
5867
6105
5856
5872
5908
6049
5872
6134
5851
6058
6198
6105
6018
6014
6190
6021
6015
6116
6200
6114
6086
6004
6010
6017
6002
6015
6005
6098
6205
5864
5857
6016
6001
5734
5996
5990
5733
5735
5863
5998
5735
5735
5733
5951
5863
5949
5870
6073
5954
5861
5863
5872
5737
6034
6028
5998
6020
5993
5985
5995
5981
6013
6115
5976
5984
6018
5973
5979
6028
5987
5952
5965
5954
6111
5871
5875
5950
5871
5943
5923
5868
5703
5948
5944
5916
5931
5935
5927
5905
5917
5922
5911
5986
5925
5893
5900
5889
6247
5896
5898
5901
5891
5868
5894
5684
5869
5867
5990
5893
5881
6088
5675
5668
5672
5677
5894
5883
5893
5873
5976
5673
5888
5841
5904
5872
5911
5848
5877
5856
5846
5915
5839
5854
5853
5900
5850
5843
5832
5901
5834
5893
5867
5867
6101
5870
6116
5866
5684
5836
5832
5914
5901
5881
5832
5887
5875
5879
5868
5877
5883
5887
5872
5866
5837
5850
5887
5882
5877
5874
5901
5876
5883
5878
5885
5852
5880
5897
5857
5879
5858
5866
5867
5857
5862
5858
5907
5871
5802
5853
5801
5809
5792
5796
5792
5791
7878
7866
7868
7863
7864
5784
5799
5803
5795
5803
5788
5794
5806
5802
5784
5794
5799
5785
5796
5790
5799
5785
5809
5804
5806
5807
5807
5787
5787
5789
5790
5787
5793
5785
5792
5794
5792
5795
5794
5785
5784
5785
6058
5785
5781
5781
5787
5781
5784
5780
5780
5780
5784
5779
5782
5771
5775
5780
5772
5782
5774
5775
5782
5772
5776
5777
5789
5783
5787
5789
5787
5792
5787
5788
5776
5780
5772
5775
5779
5782
5777
5777
5779
5833
5785
5797
5785
5795
5796
5818
5791
5804
5785
5782
5788
5790
5778
5778
5786
5799
5792
5811
5816
5845
5822
5793
5806
5817
5803
5812
5802
5801
5796
5785
5799
5798
5813
5808
5791
5815
5804
5774
5774
5803
5814
5816
5789
5776
5773
5824
5776
5787
5777
5780
5812
5802
5802
5823
5806
5817
5795
5817
5777
5799
5794
5774
5801
5805
5789
5783
5846
5785
5776
5822
5784
5820
5776
5818
5787
5780
5818
5843
5854
5829
5818
5825
5834
5842
5829
5786
5789
5826
5833
5840
6067
5846
5899
5830
5839
5841
5844
5857
5864
5884
5845
5854
5832
5862
5863
5806
5802
5799
5851
5850
5794
5796
5791
5813
5792
5812
5814
5818
5814
5812
5858
5934
5809
5800
5849
5815
5878
6017
5793
5823
5857
5869
5854
5826
5827
5799
5829
5812
5814
5818
5835
5812
5818
5837
5823
5825
5830
5837
5832
5825
5821
5830
5817
5828
5865
5838
5858
5840
5860
5827
5838
5834
5839
5831
5853
5836
5835
5842
5846
5854
5865
5867
5860
5904
5872
5851
5860
5866
5869
5852
5856
5882
5845
5865
5878
5871
5854
5832
5897
5833
5836
5818
5829
5827
5813
5810
5803
5799
5794
5844
5829
5823
5833
5799
5816
5798
5794
5814
5784
5782
5789
5778
5797
5790
5798
7867
7867
7864
7872
5840
7915
7902
7928
7915
7920
7926
7923
7925
7918
7917
7913
7912
7911
7913
7935
7875
7869
7869
7864
7880
7860
7946
7876
7880
7890
7886
7889
7886
7915
7902
7915
7903
7905
7912
7917
7889
7910
7924
7918
7915
7926
7927
7933
7945
7945
7932
7917
7919
7915
7908
7924
7920
7920
7930
7933
7873
7928
7939
7929
7934
7944
7936
7937
7846
7815
7826
7855
7832
7824
7844
7844
7815
7838
7823
7849
7839
7847
7831
7847
7946
7849
7842
7940
7852
7865
7870
7867
7860
7858
7862
7862
7863
7862
7853
7878
7872
7870
7870
7912
7873
7875
7912
7853
7918
7883
7885
7916
7878
7880
7872
7893
7889
7896
7896
7894
7893
7891
7874
7900
7889
7912
7904
7906
7909
7908
7917
7908
7902
7905
7917
7922
7919
7922
7917
7922
7913
7899
7905
7899
7877
7877
8011
7900
7905
7904
7883
7919
7934
7973
7974
7880
7876
7885
7897
7893
7885
7890
7893
7986
7908
7944
7941
7918
7928
7932
7987
7922
7946
7953
7891
7906
7937
7922
7888
7894
7906
7918
7924
7916
7923
7929
7939
8015
7923
7860
8040
8030
8030
8026
8027
8040
8046
8025
8027
8018
8006
8009
8019
8008
8003
7994
7997
7991
7990
7988
7987
7983
7981
7978
8027
7977
7972
8062
8044
8052
7971
8041
8050
7970
8047
7976
7970
7978
8061
7975
8037
7977
8044
8027
7971
7980
8031
7976
7959
7988
7955
7960
7956
7964
7974
7958
7968
7967
8006
7964
7973
7973
7977
7953
7967
7970
7958
8008
7956
7974
7966
8012
7985
7986
7991
7989
8002
8090
8005
7999
7986
7984
7977
7974
7972
8056
8051
8074
8078
7967
8061
8002
7972
7981
7966
7965
8017
7970
8003
7986
7962
7997
7969
7990
7998
8000
7997
8010
8003
8009
8022
8016
8002
8024
8014
8016
8044
8016
8027
8029
8017
8070
8068
8034
8059
8041
8088
8035
8040
8032
8030
8089
8035
8104
8114
8046
8056
8050
8051
7999
8034
8050
8001
8002
8059
8057
8057
8062
8059
8063
8119
8060
8144
8158
8011
8004
8003
8149
8010
8020
8018
8032
8030
8034
8076
9787
8043
7993
9783
7993
7994
8019
8034
8009
8014
8010
8068
8068
8204
8012
7996
7994
9783
9785
9786
9786
7999
9784
9783
9792
9792
9790
9803
9789
9790
9791
9792
9790
9787
9792
9790
9775
9775
9785
9785
9778
9770
9787
9776
9773
9774
9788
9782
9790
9775
9770
9771
9773
9771
9777
9792
9767
9777
9771
9777
9793
9766
9749
9752
9750
9751
9751
9751
9753
9754
9749
9750
9752
9752
9754
9753
9753
9749
9779
9756
9756
9755
9754
9755
9757
9756
9756
9754
9782
9760
9762
9762
9760
9763
9760
9767
9763
9765
9761
9767
9759
9760
9763
9762
9767
9768
9771
9787
9737
9731
9737
9745
9739
9774
9758
9740
9770
9770
9731
9771
9780
9826
9732
9729
9758
9737
9732
9732
9730
9729
9733
9771
9728
9725
9754
9764
9749
9724
9739
9751
9725
9741
9718
9734
9713
9707
9714
9717
9742
9743
9746
9722
9708
9720
9729
9753
9717
9783
9709
9721
9702
9742
9783
9713
9782
9702
9715
9736
9697
9724
9696
9738
9685
9684
9682
9677
9681
9676
9675
9662
9669
9764
9734
9713
9794
9753
9667
9656
9652
9651
9647
9650
9646
9706
9728
9644
9711
9700
9662
9629
9645
9688
9637
9648
9627
9633
9633
9669
9639
9635
9638
9640
9636
9655
9667
9636
9632
9655
9638
9663
9682
9678
9699
9702
9699
9760
9635
9640
9642
9649
9643
9688
9641
9704
9647
9712
9701
9693
9663
9650
9627
9645
9641
9692
9696
9631
9635
9637
9632
9635
9631
9632
9627
9626
9615
9638
9614
9605
9606
9609
9621
9604
9594
9640
9595
9591
9629
9591
9589
9622
9588
9627
9616
9585
9584
9582
9578
9641
9571
9575
9606
9568
9611
9571
9568
9557
9560
9563
9485
9522
9503
9487
9482
9484
9478
9600
9600
9480
9647
9599
9477
9476
9624
9598
9633
9594
9476
9592
9476
9471
9643
9578
9471
9581
9615
9595
9573
9498
9489
9467
9466
9572
9488
9455
9455
9452
9452
9483
9481
9585
9453
9450
9479
9648
9636
9464
9598
9436
9583
9477
9538
9498
9490
9434
9562
9422
9423
9576
9434
9460
9418
9414
9425
9475
9412
9481
9499
9429
9577
9419
9410
9425
9408
9409
9464
9407
9406
9403
9402
9401
9398
9398
9397
9396
9394
9394
9400
9391
9393
9466
9419
9480
9425
9447
9458
9460
9390
9392
9391
9389
9391
9388
9388
9384
9385
9461
9422
9421
9383
9474
9400
9500
9384
9475
9410
9414
9409
9383
9382
9381
9406
9404
9380
9401
9405
9376
9377
9373
9379
9372
9371
9368
9375
9369
9377
9441
9368
9514
9366
9364
9360
9354
9351
9342
9338
9878
9321
9882
9877
9464
9321
9319
9405
9409
9319
9879
9439
9321
9400
9405
9402
9318
9399
9397
9398
9317
9317
9434
9437
9318
9324
9449
9321
9323
9430
9424
9433
9316
9398
9396
9427
9313
9424
9402
9315
9393
9390
9395
9319
9313
9317
9322
9321
9323
9327
9323
9318
9317
9316
9321
9325
9314
9426
9320
9322
9416
9395
9401
9444
9403
9393
9423
9404
9914
9425
9399
9354
9395
9919
9354
9355
9354
9392
9413
9410
9346
9348
9353
9351
9353
9351
9310
9312
9320
9317
9320
9317
9320
9409
9352
9310
9325
9353
9348
9347
9349
9348
9348
9380
9415
9316
9316
9343
9357
9365
9356
9351
9349
9353
9457
9350
9346
9349
9351
9356
9356
9340
9345
9344
9343
9352
9343
9347
9347
9342
9346
9342
9348
9340
9346
9340
9385
9348
9434
9365
9346
9340
9400
9345
9345
9343
9317
9315
9320
9369
9354
9322
9346
9352
9340
9340
11536
11535
9321
11535
9315
9325
9322
9324
9319
9319
9325
9318
9313
9317
9318
9324
9316
9334
9315
9323
9324
9355
9321
9323
9329
9320
9327
9335
9321
9329
9326
9324
9337
9335
9343
9341
9332
9326
9354
9332
9321
9323
9318
9321
9320
9329
9330
9334
9361
9330
9329
9323
9324
9324
9328
9332
9331
9333
9332
9337
9338
9335
9339
9331
9340
9341
9339
9339
9339
9336
9336
9336
9332
9343
9333
9342
9333
9355
9343
9305
9339
9340
9344
9335
9344
9321
9326
9346
9339
9337
9344
9335
9323
11543
11541
9342
11607
11607
11606
11605
11605
11605
11606
11607
11606
11606
11603
11604
11609
11602
11614
11601
11615
11610
11609
11606
11601
11604
11599
11597
11601
11595
11603
11593
11593
11592
11591
11585
11613
11576
11577
11574
11595
11610
11577
11611
11610
11610
11621
11578
11594
11575
11599
11592
11592
11610
11606
11591
11603
11605
11614
11603
11577
11554
11582
11548
11586
11571
11586
11579
11558
11547
11573
11545
11547
11545
11544
11579
11543
11546
11557
11545
11608
11594
11594
11636
11636
11629
11593
11634
11632
11636
11628
11595
11633
11601
11622
11590
11628
11599
11608
11549
11615
11597
11610
11563
11618
11636
11558
11560
11566
11574
11581
11633
11570
11572
11567
11596
11582
11593
11580
11575
11584
11636
11589
11633
11577
11661
11606
11595
11601
11601
11587
11605
11664
11590
11548
11542
11545
11583
11561
11596
11596
11554
11562
11595
11553
11554
11556
11584
11548
11567
11597
11589
11598
11552
11590
11559
11685
11635
11655
11673
11618
11621
11630
11646
11622
11576
11579
11615
11567
11567
11609
11546
11617
11546
11541
11511
11519
11614
11513
11610
11585
11499
11490
11614
11494
11337
11373
11547
11534
11538
11532
11613
11554
11515
11514
11542
11531
11519
11522
11536
11517
11526
11550
11528
11519
11516
11521
11601
11565
11531
11615
11494
11503
11510
11535
11512
11575
11527
11513
11573
11510
11607
11509
11615
11494
11495
11486
11479
11473
11486
11468
11485
11493
11505
11466
11496
11466
11469
11319
11321
11464
11314
11317
11315
11314
11486
11309
11474
11313
11468
11330
11474
11333
11590
11310
11308
11297
11316
11330
11578
11588
11577
11300
11582
11577
11595
11593
11570
11335
11562
11310
11576
11570
11566
11493
11562
11486
11577
11483
11562
11380
11568
11649
11475
11461
11484
11472
11349
11459
11496
11456
11474
11426
11486
11405
11492
11465
11506
11507
11496
11498
11494
11440
11421
11446
11441
11414
11413
11590
11415
11613
11427
11405
11400
11491
11433
11423
11454
11410
11512
11419
11606
11597
11458
11591
11583
11589
11492
11402
11589
11490
11593
11279
11592
11486
11539
11449
11543
11551
11588
11627
11530
11528
11414
11585
11436
11447
11578
11423
11364
11413
11597
11657
11599
11598
11590
11589
11559
11580
11593
11588
11596
11567
11562
11576
11563
11543
11539
11543
11535
11536
11541
11543
11540
11524
11513
11534
11555
11542
11574
11584
11570
11367
11511
11403
11446
11529
11628
11486
11555
11540
11537
11480
11611
11627
11649
11446
11472
11514
11425
11391
11438
11511
11376
11396
11539
11616
11558
11404
11419
11401
11405
11438
11339
11316
11516
11404
11519
11510
11440
11709
11529
11523
11544
11473
11489
11434
11498
11575
11469
11458
11476
11442
11508
11428
11305
11441
11438
11485
11459
11465
11540
11477
11525
11490
11514
11539
11523
11520
11469
11462
11459
11434
11480
11433
11435
11451
11411
11425
11431
11420
11438
11350
11328
11425
11420
11327
11461
11333
11345
11327
11462
11409
11323
11397
11391
11406
11330
11318
11321
11317
11322
11318
11319
11400
11340
11550
11339
11544
11338
11316
11409
11313
11408
11629
11327
11332
11348
11331
11346
11335
11334
11335
11331
11375
11333
11338
11334
11336
11394
11348
11348
11348
11351
11350
11350
11351
11299
11345
11352
11351
11351
11251
11250
11279
11254
11265
11260
11278
11272
11270
11299
11317
11320
11244
11302
11393
11260
11260
11267
11275
11257
11284
11274
11275
11278
11290
11279
11290
11292
11294
11297
11322
11299
11431
11358
11289
11384
11269
11273
11238
11284
11280
11295
11231
11337
11291
11301
11329
11276
11270
11312
11282
11305
11325
11350
11288
11396
12254
12259
12264
11386
12267
12258
12257
12260
12264
12254
12254
12261
12253
12246
12238
12251
12243
12213
12226
12212
12229
12258
12211
12210
12204
12206
12199
12197
12190
12186
12181
12180
12183
12176
12209
12180
12172
12177
12176
12171
12283
12160
12164
12164
12277
12170
12155
12148
12147
12146
12135
12143
12154
12142
12127
12131
12130
12146
12138
12120
12141
12125
12117
12129
12116
12127
12114
12113
12111
12112
12111
12108
12302
12114
12101
12130
12112
12110
12340
12259
12100
12305
12124
12092
12301
12098
12101
12271
12098
12092
12109
12275
12101
12330
12101
12227
12101
12103
12107
12103
12106
12106
12116
12102
12258
12313
12096
12107
12113
12114
12111
12098
12232
12101
12243
12101
12269
12101
12101
12101
12099
12099
12093
12101
12228
12092
12089
12088
12103
12082
12081
12082
12091
12078
12086
12087
12075
12087
12074
12345
12360
12368
12323
12332
12365
12345
12359
12354
12353
12312
12140
12113
12112
12110
12250
12105
12101
12096
12102
12111
12261
12109
12113
12089
12086
12096
12085
12081
11962
12074
12089
12124
12235
12247
12243
12279
12358
12298
12281
12355
12278
12275
12274
12294
12247
12245
12249
12279
12385
12263
12293
11899
12076
12081
12074
12084
11899
12084
11899
11903
11988
12057
12074
12080
12077
12075
11929
11907
12081
11902
11896
12074
12078
12074
12078
11900
11889
11937
11889
11893
12229
11886
11883
12227
12075
12224
11885
11880
12223
12227
12222
12569
12221
12074
12078
12213
12214
12204
12076
11884
11879
11883
11876
11878
11880
11872
12214
11897
12207
11896
12202
12203
12201
12202
11873
12199
12208
12254
12268
11905
12267
12260
12253
12274
12250
12266
12267
12252
12239
12262
12235
12234
12215
12229
12221
12241
11898
12234
12219
12209
12094
12205
12096
12594
12594
12093
12090
12089
12215
12260
12232
12214
12089
12075
12092
12089
12088
12096
12090
12085
12073
12089
12081
12087
11991
11992
11990
12393
11995
12237
12248
12314
11856
11862
11876
11868
11911
11873
11863
11865
11996
11863
11999
11988
11996
12005
11999
12248
12038
12004
12216
12012
12102
12061
11995
12006
12015
12035
12018
11863
12000
12007
11994
12210
12018
12015
12048
11853
12001
12063
12088
12046
12064
11862
12039
12112
12068
12085
11861
12040
12039
12094
11854
12044
12048
12116
12067
12063
12064
11847
11844
12159
11845
11850
12061
12065
11844
11841
11864
12096
12159
12057
11838
12153
11837
12053
12055
12051
11904
12050
12050
12050
12041
12040
12045
12046
12083
12073
12076
12091
12090
12070
12068
12066
12057
12072
12058
12090
12062
12068
12148
12048
12050
12051
12147
11997
12146
12163
12145
11852
11867
12020
11852
12010
12056
11992
12013
12000
11998
11865
12207
11995
11991
11991
11996
11867
12248
11996
11898
11994
11997
11868
11866
11864
11865
11864
11864
11864
11862
11863
11868
11863
11860
11855
12155
11854
11998
11855
12137
12153
11856
12266
12136
12250
12127
12140
12140
12265
12268
12265
12254
12248
12256
12251
12246
12170
12233
12167
12664
12266
12167
12174
12175
12217
12179
12208
12190
12204
12184
12226
12194
12186
12190
12191
12236
12219
12219
12202
12212
12224
12240
12675
12180
12178
12168
12165
12173
12165
12159
11935
12149
11951
11937
11939
11940
11940
11986
11941
11942
11946
11943
11946
11950
11946
11969
11958
11957
11952
11954
11971
11958
11981
11977
11950
11952
11959
12013
11959
11956
11958
12014
11961
11959
11935
11962
11935
11962
11962
11963
11963
11928
11931
11927
11965
11929
11974
11960
11975
11963
11961
11971
11960
11969
11971
11971
11972
11973
11971
11986
11971
11943
11938
11937
11931
11939
11935
11942
11927
11941
11943
11935
11943
11941
11923
11946
11945
11945
11944
11948
11951
11941
11940
11946
11948
11947
11946
11946
11962
11963
11974
11969
11983
11972
11960
11965
12052
11996
12088
12068
12017
12011
12020
12005
11963
11960
11965
11961
11964
11969
12353
12001
12007
11991
12013
11991
12007
12028
11992
11958
12071
12072
12069
12136
12081
12165
12073
11994
12043
12046
12020
12049
11960
11962
12005
12028
12035
12043
12030
12034
12020
12034
11963
12038
12008
12028
11960
11970
11988
11959
11998
11961
12020
12015
12027
12030
12037
12044
12032
12074
12090
12083
12007
12002
12007
11960
11996
11968
11958
11967
11967
11967
11970
12007
11961
12003
11977
11971
11968
11970
11973
11975
12010
11977
12026
12043
11988
12221
11976
11975
12029
12030
11989
11982
11988
11991
11992
11999
11993
12002
12004
11994
12001
11996
11984
11993
12009
11983
11987
11996
11987
11990
11993
11988
12009
11984
12050
12005
12007
12039
12033
12048
12054
12057
12056
12006
12005
12004
12022
12018
12008
12018
12189
12069
12346
12026
12025
12059
12062
12059
12142
12100
12143
12061
12066
12064
12162
12098
12169
12099
12087
12108
12114
12104
12103
12133
12129
12129
12129
12135
12137
12115
12137
12122
12130
12140
12160
12181
12140
12150
12142
12146
12150
12154
12155
12153
12156
12071
12151
12066
12065
12153
12067
12070
12156
12163
12165
12184
12072
12071
12069
12085
12073
12076
12079
12123
12074
12088
12072
12080
12075
12118
12122
12118
12127
12125
12128
12127
12129
12126
12147
12127
12142
12684
12226
12209
12255
12280
12264
12260
12258
12286
12286
12277
12161
12155
12264
12170
12168
12067
12153
12174
12147
12146
12065
12091
12140
12089
12846
12060
12026
12045
12003
11984
12038
11980
11995
11962
11964
11965
12062
12026
12414
11988
11999
12247
12305
11943
11967
11923
11923
11934
11954
11980
11964
11993
11952
11937
12854
12853
12853
12853
12853
12866
12850
12847
12847
12849
12855
12865
12843
12858
12892
12848
12860
12852
12852
12853
12854
12855
12855
12859
12864
12848
12853
12858
12858
12863
12860
12864
12862
12859
12864
12858
12878
12880
12881
12886
12884
12881
12884
12885
12885
12885
12874
12872
12882
12875
12875
12884
12884
12871
12876
12879
12878
12879
12879
12879
12880
12874
12889
12887
12876
12874
12899
12875
12874
12876
12898
12894
12879
12879
12880
12879
12878
12878
12878
12881
12881
12897
12898
12882
12881
12877
12885
12875
12879
12881
12880
12870
12878
12871
12877
12878
12880
12872
12870
12872
12870
12872
12873
12876
12875
12876
12873
12878
12866
12882
12878
12872
12873
12868
12872
12874
12870
12879
12866
12870
12878
12875
12880
12880
12879
12881
12873
12881
12865
12869
12871
12873
12874
12884
12898
12868
12870
12868
12872
12872
12866
12870
12866
12872
12870
12868
12869
12873
12868
12870
12872
12869
12866
12866
12871
12899
12856
12852
12865
12827
12822
12878
12873
12872
12821
12831
12815
12865
12875
12869
12827
12852
12855
12816
12818
12875
12851
12822
12814
12840
12813
12869
12825
12816
12868
12816
12817
12824
12837
12835
12834
12818
12812
12812
12813
12922
12811
12812
12823
12818
12813
12826
12824
12819
12804
12808
12810
12826
12792
12786
12776
12790
12805
12808
12776
12811
12804
12799
12794
12786
12808
12824
12805
12826
12839
12813
12813
12833
12829
12776
12827
12789
12771
12794
12843
12773
12821
12770
12779
12819
12776
12771
12767
12814
12798
12764
12768
12764
12765
12762
12813
12794
12772
12760
12821
12812
12767
12796
12760
12796
12800
12819
12807
12809
12809
12840
12842
12798
12792
12784
12788
12768
12768
12776
12777
12809
12768
12781
12778
12774
12766
12798
12797
12775
12780
12832
12769
12830
12771
12790
12877
12796
12797
12768
12770
12787
12808
12795
12776
12778
12793
12790
12783
12785
12779
12785
12835
12771
12786
12803
12797
12842
12772
13755
13754
13751
13750
13751
13751
13744
13746
13745
13754
13750
13744
13738
13740
13735
13752
13749
13737
13737
13734
13733
13733
13730
13732
13730
13728
13727
13729
13722
13724
13726
13723
13722
13721
13719
13720
13721
13719
13716
13718
13741
13715
13714
13713
13713
13713
13711
13750
13762
13769
13754
13744
13755
13748
13743
13757
13761
13758
13737
13737
13749
13757
13735
13745
13738
13742
13743
13732
13729
13728
13736
13738
13734
13725
13739
13727
13723
13688
13724
13725
13732
13716
13686
13714
13690
13677
13722
13688
13705
13716
13718
13704
13676
13709
13700
13715
13649
13643
13712
13693
13712
13671
13709
13691
13692
13690
13729
13705
13712
13744
13682
13713
13722
13736
13714
13718
13736
13715
13683
13750
13709
13728
13784
13752
13690
13680
13684
13675
13678
13684
13696
13671
13759
13621
13686
13696
13686
13760
13698
13745
13725
13742
13661
13697
13684
13669
13681
13672
13665
13660
13666
13653
13652
13674
13678
13662
13659
13655
13661
13641
13644
13642
13649
13651
13662
13653
13649
13646
13665
13752
13679
13682
13824
13679
13678
13674
13672
13666
13675
13666
13659
13659
13650
13664
13654
13663
13668
13672
13674
13701
13719
13677
13671
13748
13694
13619
13712
13697
13652
13678
13746
13657
13731
13754
13651
13724
13637
13722
13648
13722
13640
13668
13716
13741
13645
13640
13638
13635
13723
13740
13750
13706
13708
13772
13716
13631
13636
13639
13625
13625
13643
13616
13633
13621
13628
13630
13622
13613
13614
13611
13611
13605
13607
13600
13604
13598
13601
13692
13701
13694
13682
13676
13637
13728
13716
13866
13705
13641
13683
13635
13702
13700
13779
13719
13667
13668
13664
13665
13660
13674
13644
13653
13648
13667
13640
13667
13648
13648
13639
13641
13636
13634
13632
13630
13679
13627
13754
13620
13707
13747
13758
13661
13645
13648
13699
13648
13711
13711
13646
13650
13653
13660
13659
13645
13644
13643
13642
13641
13638
13633
13626
13636
13618
13616
13630
13631
13657
13623
13649
13650
13629
13640
13654
13646
13633
13617
13641
13648
13654
13617
13645
13637
13625
13617
13622
13617
13668
13673
13623
13619
13628
13628
13809
13634
13628
13702
13614
13634
13660
13719
13591
13700
13500
13557
13552
13524
13517
13695
13630
13633
13516
13508
13517
13600
13531
13510
13558
13664
13557
13557
13544
13537
13501
13559
13498
13639
13552
13588
13560
13643
13644
13595
13563
13579
13596
13499
13600
13601
13603
13598
13602
13497
13603
13622
13622
13625
13628
13638
13635
13629
13640
13631
13640
13643
13637
13640
13638
13635
13645
13634
13642
13640
13647
13647
13653
13650
13649
13656
13651
13651
13654
13651
13642
13649
13558
13642
13558
13557
13559
13561
13568
13559
13700
13559
13559
13634
13558
13557
13545
13546
13664
13709
13657
13678
13692
13667
13694
13695
13665
13690
13686
13659
13655
13680
13653
13654
13644
13643
13633
13642
13636
13664
13642
13675
13625
13638
13621
13621
13614
13616
13614
13614
13619
13617
13659
13605
13620
13610
13609
13612
13606
13592
13560
13549
13607
13612
13653
13652
13652
13713
13516
13648
13487
13644
13489
13514
13484
13518
13486
13642
13652
13649
13695
13628
13669
13677
13623
13591
13591
13602
13654
13591
13593
13591
13673
13660
13680
13703
13659
13659
13627
13666
13672
13639
13679
13642
13633
13631
13484
13635
13651
13484
13655
13663
13654
13653
13654
13641
13640
13649
13630
13629
13611
13636
13638
13626
13602
13602
13468
13468
13468
13531
13607
13521
13518
13548
13539
13612
13534
13706
13551
13520
13538
13526
13528
13529
13529
13542
13538
13562
13538
13543
13548
13550
13571
13553
13550
13555
13549
13601
13550
13547
13564
13548
13567
13564
13550
13544
13540
13540
13542
13539
13536
13542
13546
13573
13564
13570
13527
13525
13562
13584
13591
13563
13570
13584
13735
13600
13662
13667
13657
13509
13499
13549
13501
13534
13509
13502
13502
13503
13578
13575
13565
13504
13582
13504
13506
13508
13588
13509
13503
13553
13497
13512
13507
13510
13509
13511
13505
13511
13511
13517
13510
13547
13516
13513
13499
13495
13655
13508
13509
13636
13533
13509
13524
13633
13514
13626
13642
13530
13512
13608
13510
13546
13529
13528
13532
13536
13545
13535
13536
13538
13536
13536
13538
13702
13484
13484
13570
13543
13544
13546
13544
13544
13546
13546
13542
13547
13556
13548
13479
13539
13482
13480
13484
13485
13639
13501
13630
13583
13565
13623
13571
13696
13569
13567
13590
13572
13575
13575
13587
13584
13619
13598
13621
13573
13570
13610
13617
13648
13623
13524
13625
13554
13544
13536
13596
13569
13585
13529
13506
13528
13585
13509
13501
13503
13553
13552
14190
14191
14189
14189
14192
14187
14184
14183
14185
14184
14180
14183
14186
14190
14180
14185
14178
14177
14178
14178
14181
14185
14180
14185
14178
14180
14173
14175
14177
14174
14173
14174
14187
14174
14170
14174
14178
14170
14169
14166
14165
14165
14179
14163
14181
14169
14175
14168
14167
14180
14165
14167
14164
14169
14169
14165
14162
14165
14163
14160
14161
14163
14216
14220
14221
14213
14212
14215
14210
14212
14153
14150
14149
14150
14149
14149
14145
14158
14144
14145
14146
14193
14198
14206
14198
14198
14203
14205
14205
14200
14204
14226
14204
14162
14207
14148
14156
14206
14158
14158
14168
14147
14156
14152
14194
14162
14165
14155
14210
14166
14163
14154
14210
14161
14209
14213
14212
14207
14207
14249
14199
14166
14164
14208
14153
14228
14222
14219
14208
14210
14173
14174
14172
14175
14171
14170
14170
14165
14162
14164
14162
14165
14181
14204
14186
14189
14208
14196
14232
14223
14181
14263
14186
14183
14192
14196
14189
14253
14274
14198
14191
14190
14193
14186
14251
14245
14163
14154
14151
14234
14207
14266
14153
14224
14211
14157
14159
14212
14159
14189
14263
14169
14202
14282
14155
14210
14166
14204
14209
14212
14260
14167
14216
14218
14222
14223
14196
14246
14228
14227
14245
14233
14238
14208
14183
14166
14166
14166
14179
14169
14172
14171
14178
14179
14175
14170
14184
14157
14153
14161
14255
14156
14273
14237
14184
14256
14230
14168
14182
14187
14180
14293
14221
14172
14171
14173
14175
14172
14189
14164
14164
14167
14166
14172
14189
14170
14163
14164
14165
14162
14160
14162
14173
14175
14182
14170
14162
14174
14173
14164
14166
14168
14159
14164
14161
14160
14158
14153
14153
14153
14149
14161
14152
14147
14146
14143
14141
14141
14145
14137
14193
14134
14136
14173
14139
14139
14130
14131
14126
14130
14127
14127
14126
14173
14124
14123
14121
14121
14118
14126
14119
14188
14121
14168
14116
14118
14185
14117
14116
14186
14113
14113
14174
14111
14110
14107
14176
14108
14106
14173
14105
14104
14118
14101
14098
14177
14100
14175
14100
14171
14098
14174
14171
14168
14097
14169
14099
14105
14094
14095
14094
14093
14092
14091
14090
14161
14175
14096
14088
14087
14079
14085
14081
14120
14076
14080
14072
14072
14069
14162
14207
14192
14193
14187
14181
14183
14086
14177
13980
14176
13977
13976
14175
14173
14172
13973
14213
14203
14200
14188
14186
14192
14101
13984
14179
14176
14102
14105
14108
14096
14178
14185
14070
14081
14078
14182
14074
14188
14073
14074
14079
14083
14089
14093
14092
14086
14118
14088
14089
14069
13931
14085
14101
14079
14120
14194
14099
14115
14107
14107
14096
14091
13901
14109
13908
14123
14108
14184
13895
14106
14203
14216
14212
14194
14190
14192
14201
14193
14203
14195
13895
14203
14039
14040
14034
14037
14061
14060
14128
14041
14038
14037
14033
14121
14118
14110
14036
14120
14104
14099
14120
14095
14128
14096
14144
14083
14121
14086
14139
14089
14075
14079
14147
14081
14158
14049
14073
14073
14132
14059
14058
14037
14056
14050
14041
14074
14084
14137
14095
14140
13989
13996
14045
14030
14012
14068
14016
14024
14008
13971
14042
14123
14017
14015
14118
14009
13970
14076
14033
13968
13999
14090
13996
13992
14016
13996
14110
14019
13981
13974
13968
13965
13993
14061
14099
14068
14125
14168
13979
14177
14006
14120
14008
13989
14069
14071
14066
14078
14088
14076
13996
13989
14068
14083
14090
14016
14090
14022
14095
14099
14095
14028
14026
14100
14100
14017
14121
13974
14022
14031
14007
14010
14001
14012
13968
13963
13952
13965
13958
13965
13958
13962
13978
13989
14000
13999
13975
13990
13993
13988
13995
13977
13990
14000
13994
13985
14002
14006
14014
13999
14037
14121
14034
14140
14028
14014
14023
14119
14005
14036
14006
14025
14004
14019
14021
14015
14031
14036
14014
14042
14010
14005
14090
14091
14032
14008
14013
14015
14010
14066
14076
14080
14025
14073
14018
14074
14021
14020
14028
14022
14025
14084
14075
14031
14094
14141
14088
14085
14096
14128
14105
14124
14102
14099
14094
14114
14090
14151
14115
14131
14091
14086
14087
14087
14028
14114
14106
14051
14104
14130
14102
14034
14102
14094
14112
14120
14137
14132
14150
14044
14189
14116
14145
14034
14049
14146
14039
14139
14032
14114
14152
14054
14045
14096
14145
14036
14134
14051
14048
14037
14137
14057
14126
14052
14048
14029
14150
14165
14231
14152
14160
14041
14166
14153
14160
14159
14075
14069
14073
14080
14057
14052
14065
14068
14083
14077
14076
14058
14166
14059
14052
14057
14069
14057
14076
14080
14167
14073
14167
14081
14177
14169
14172
14173
14171
14176
14180
13885
14193
13887
14186
14197
14165
14177
14180
14175
14181
14198
14183
13909
14067
14115
13896
13910
14190
14202
14784
14174
14065
14115
14053
14152
14066
14781
14125
14150
14109
14777
14014
14069
14128
14089
14121
14123
14787
14004
14786
14790
14784
14780
14784
14795
14776
14787
14774
14773
14777
14789
14813
14777
14783
14785
14774
14774
14771
14774
14784
14767
14771
14769
14760
14768
14764
14766
14788
14763
14762
14759
14756
14757
14755
14758
14754
14759
14750
14748
14745
14755
14751
14746
14744
14747
14741
14744
14739
14746
14739
14793
14793
14745
14739
14795
14794
14794
14790
14816
14809
14798
14745
14748
14759
14779
14757
14745
14751
14752
14777
14778
14754
14820
14781
14749
14749
14757
14850
14750
14732
14730
14732
14750
14753
14750
14742
14744
14748
14738
14748
14755
14749
14746
14733
14731
14817
14728
14754
14749
14807
14756
14770
14807
14822
14772
14796
14794
14807
14799
14790
14790
14744
14754
14825
14799
14778
14833
14787
14749
14750
14744
14781
14749
14783
14783
14747
14781
14774
14778
14767
14764
14759
14760
14763
14760
14754
14752
14749
14762
14769
14772
14813
14787
14811
14745
14731
14760
14740
14740
14740
14738
14739
14735
14737
14731
14730
14735
14729
14729
14770
14729
14730
14731
14726
14729
14727
14771
14768
14768
14765
14772
14766
14767
14759
14757
14763
14756
14727
14755
14724
14727
14715
14752
14751
14749
14741
14746
14711
14729
14706
14735
14705
14711
14714
14766
14724
14709
14734
14725
14740
14736
14745
14750
14746
14752
14768
14752
14741
14764
14744
14751
14737
14762
14736
14760
14713
14744
14694
14694
14697
14694
14683
14694
14686
14676
14671
14684
14671
14673
14665
14678
14714
14726
14712
14715
14735
14717
14738
14710
14671
14711
14712
14735
14710
14679
14712
14712
14719
14720
14713
14716
14715
14722
14677
14722
14717
14723
14703
14704
14694
14693
14676
14682
14678
14711
14678
14710
14684
14675
14674
14677
14674
14675
14671
14674
14738
14681
14746
14717
14737
14732
14725
14735
14738
14731
14748
14736
14696
14693
14728
14728
14677
14698
14680
14676
14679
14676
14739
14793
14683
14686
14676
14682
14676
14722
14748
14679
14690
14711
14683
14679
14704
14685
14697
14700
14711
14686
14688
14688
14678
14681
14680
14681
14681
14681
15149
15149
15148
15148
15147
15148
15146
15146
15144
15144
15143
15143
15143
15201
15143
15143
15162
15162
15147
15147
15185
15147
15143
15143
15138
15140
15139
15138
15139
15140
15138
15143
15141
15135
15138
15137
15136
15141
15169
15136
15171
15173
15175
15172
15172
15170
15168
15165
15180
15172
15163
15164
15139
15143
15141
15141
15141
15140
15149
15182
15151
15151
15155
15148
15167
15194
15158
15157
15198
15153
15162
15163
15198
15164
15179
15191
15171
15166
15189
15187
15203
15180
15176
15162
15163
15179
15151
15179
15168
15152
15158
15153
15154
15176
15174
15159
15156
15155
15182
15177
15185
15180
15175
15181
15159
15200
15174
15177
15161
15174
15176
15160
15176
15177
15187
15163
15167
15165
15167
15168
15172
15178
15176
15165
15179
15164
15200
15163
15175
15173
15179
15162
15172
15172
15171
15175
15161
15162
15165
15163
15168
15161
15161
15160
15189
15184
15170
15157
15155
15167
15155
15154
15167
15160
15175
15167
15152
15177
15169
15165
15165
15164
15172
15167
15153
15165
15172
15147
15147
15149
15145
15139
15139
15146
15132
15143
15167
15135
15165
15164
15186
15135
15135
15131
15130
15132
15126
15133
15126
15120
15118
15120
15166
15124
15131
15120
15165
15118
15122
15116
15116
15110
15110
15113
15108
15107
15106
15108
15180
15103
15112
15103
15185
15101
15100
15098
15093
15161
15153
15165
15163
15163
15095
15084
15085
15168
15080
15103
15173
15085
15089
15188
15098
15094
15088
15133
15158
15142
15135
15143
15146
15144
15148
15141
15090
15150
15154
15108
15089
15170
15101
15140
15153
15082
15132
15132
15085
15084
15125
15077
15080
15078
15077
15074
15075
15077
15120
15073
15071
15117
15116
15127
15068
15068
15075
15066
15107
15070
15112
15144
15149
15108
15067
15134
15144
15064
15126
15058
15073
15092
15061
15148
15091
15062
15057
15053
15083
15055
15052
15046
15050
15045
15050
15049
15043
15042
15044
15042
15039
15026
15036
15028
15034
15037
15032
15039
15027
15030
15023
15023
15025
15094
15025
15146
15093
15206
15093
15022
15022
15020
15023
15092
15084
15141
15019
15124
15042
15168
15203
15167
15091
15079
15017
15111
15123
15105
15074
15072
15069
15068
15070
15068
15067
15063
15061
15061
15067
15058
15056
15050
15051
15052
15050
15045
15038
15035
15037
15036
15202
15047
15112
15080
15117
15043
15081
15128
15087
15092
15133
15023
15073
15104
15101
15042
15033
15037
15146
15143
15036
15100
15141
15180
15152
15143
15099
15133
15125
15141
15098
15075
15074
15062
15068
15062
15129
15056
15046
15047
15049
15047
15053
15072
15050
15047
15018
15038
15023
15017
15026
15033
14339
15056
15055
14323
15064
15040
15042
15042
15018
15026
15042
15067
15064
15044
15047
15011
15059
15042
15043
15049
14906
15065
15023
14885
15041
15110
15022
15072
14736
15071
15014
15007
14985
15049
15060
14924
15044
15055
15070
15051
15016
15055
15046
14991
15055
15053
14818
15072
15071
15059
15011
15067
15071
14964
15046
15048
14877
15044
14965
15066
15048
15059
15034
15058
15085
15082
15051
15056
15054
15068
15070
15061
15095
15100
15051
15077
15041
15052
15038
15046
15052
15055
14704
13555
15048
15020
15099
15089
15084
15081
12061
15017
14266
14294
14287
14314
14303
13576
14257
14078
13626
13767
14254
13681
13887
14060
14257
13819
14254
13894
14130
13956
14117
14028
14258
14310
13647
13601
13731
13624
13776
14358
14116
14141
14237
14304
13834
14040
14180
14232
14130
14267
14270
14153
14283
15137
14288
14400
14428
14461
14443
14396
14327
14392
14388
14454
14311
14301
14375
14344
14383
14324
14340
14397
14419
15121
14446
14448
14458
14476
15128
14512
14510
14531
14521
14566
14422
15122
14477
14412
14447
14661
14499
14447
14603
15029
14402
15100
14972
14519
14819
14553
14574
14645
14517
14645
14663
14793
12409
14924
12403
15049
15077
14695
15093
14731
14596
14417
15005
14415
14395
14385
12434
12375
12449
12437
12460
12378
12420
12034
12032
12012
12199
12091
12042
12198
12182
12154
12044
12211
12186
12294
12033
12014
12169
12034
12232
12220
12227
12217
12247
12253
12279
12247
12273
12291
12280
12305
12302
12318
12335
12385
12367
12334
12388
12386
12391
12407
12407
12503
12515
12497
12037
12107
12052
12036
12089
12062
12075
12001
12215
12195
12034
12045
12061
12103
12120
12072
12152
12212
12118
12215
12208
12225
12223
12277
12292
12481
12394
12529
12397
12434
12183
12229
12266
12251
12240
12336
12498
12601
12511
12543
12302
12766
12319
12310
12399
12352
12348
12353
12578
12888
12959
12781
12873
13363
12911
12968
13235
13820
12760
12542
13065
12712
12678
12748
12623
12666
12910
12749
12796
12976
12860
12857
12847
12959
13560
13417
13509
13475
13533
13529
13566
13587
13543
13519
13555
13598
13596
13598
13757
13703
13602
13686
13789
13792
13899
13856
12649
12645
12711
12621
12956
12959
12980
13002
13399
13797
13408
13233
13291
13470
13439
13454
13663
12057
14878
12505
12615
12622
12088
12166
12139
12502
12086
13732
12551
14245
12603
12565
13645
12530
12476
13645
13620
13893
12858
13829
12769
12736
12750
12723
12748
12647
12728
12652
12906
12724
12857
12508
12817
12820
12781
12933
12768
12969
12848
12946
12942
13000
12935
12884
12944
13932
13899
13393
13386
13077
13473
13271
13099
12991
13927
13262
14034
14112
14338
14098
14302
14314
14201
14303
13948
14277
14240
14045
13734
13863
14256
13809
14343
14268
13649
13433
13439
14066
13806
13567
13444
14145
14152
13508
13506
13509
13518
14131
13511
13534
13526
13511
12516
13530
13576
13540
13563
13545
14180
14164
14213
14290
14261
13395
14328
14315
13351
13501
14173
12931
12469
12452
12991
13552
13584
13923
12834
13059
13855
13435
12349
12435
12294
12248
12400
12495
12447
12479
12476
12472
12454
12550
12462
12445
12440
12452
12454
12412
12423
12460
12387
12365
12266
12367
12387
12279
12270
12336
12376
12300
12398
12352
12389
12259
12257
12253
12249
12187
12201
12243
12260
12177
12206
12219
12185
12173
12171
12255
12230
12178
12171
12198
12184
12175
11993
12069
11995
11998
12103
11903
11973
11868
11951
11858
12117
11825
11979
11821
11798
11778
12128
11994
11767
12047
12012
11882
11989
11987
11989
11756
11769
11652
11639
11691
11664
11773
11799
11754
11932
11819
11708
11648
11749
11881
11771
11836
11649
11724
11660
11647
11664
11820
11664
11724
11744
11826
11780
11685
11687
11707
11711
11879
11755
11698
11707
11644
11646
11653
11642
11633
11641
11621
11626
11634
11610
11596
11601
11602
11602
11640
11627
11608
11612
11597
11609
11591
11592
11588
11578
11564
11552
11553
11606
11541
11599
11607
11551
11568
11558
11604
11546
11544
11579
11565
11556
11600
11526
11565
11546
11560
11509
11477
11546
11546
11497
11475
11448
11452
11516
11389
11458
11501
11395
11478
11418
11407
11430
11423
11467
11377
11529
11596
11562
11464
11531
11488
11462
11497
11487
11486
11441
11462
11487
11412
11433
11467
11527
11428
11440
11462
11377
11380
11432
11483
11364
11405
11370
11379
11349
11328
11250
11244
11381
11244
11199
11194
11229
11378
11162
11174
11136
11161
11174
11109
11107
11030
11109
11116
11053
10997
11111
11004
10991
10902
11276
10829
10851
10486
10873
10830
11283
10466
11322
10499
10561
10582
10520
10685
10646
10700
10705
10734
10725
10795
10753
10781
10768
10797
10793
11021
10830
10598
10732
10862
10646
10822
10995
11044
11132
11136
11135
11169
11134
11389
11182
11197
10915
10982
10922
10579
10504
11205
10484
10835
10593
11102
10846
10512
11136
10815
10683
10826
11431
11229
11379
10481
11242
10742
10770
11210
11407
10820
11347
10814
10644
11300
10841
10896
10921
10882
10959
10449
11042
10518
10441
10664
10842
10815
10780
10467
10512
10461
10937
10697
10805
10467
10767
10500
10453
10515
10478
10742
11014
10850
10733
10496
10480
10501
10476
10525
10426
10534
10526
10593
10693
10592
10741
10679
10802
10436
10738
10488
10801
10753
10752
10716
10738
10792
10680
10671
10616
10717
10655
10697
10598
10731
10596
10620
10660
10591
10542
10543
10584
10599
10528
10549
10520
10498
10488
10451
10443
10441
10414
10444
10407
10448
10405
10491
10567
10603
10589
10524
10504
10569
10529
10447
10309
10367
10586
10337
10406
10412
10282
10254
10426
10322
10326
10290
10290
10471
10534
10290
10427
10426
10262
10256
10261
10258
10380
10360
10246
10238
10219
10231
10236
10205
10248
10189
10244
10190
10180
10175
10176
10160
10137
10148
10154
10136
10054
10055
10157
10180
10099
10209
10200
10202
10197
10030
10080
10087
10148
10179
10084
10279
9993
10289
10006
10184
10036
10199
10184
10168
10168
10034
10036
10014
9992
9967
9930
9943
10040
9906
9863
9852
9835
9879
9809
9826
9767
9812
10016
9733
9750
9905
10150
10095
10097
10077
9952
10151
10049
10071
10171
10020
10078
10023
9986
9955
10027
10116
9957
9962
9919
10011
9731
9718
9891
9988
9970
10081
9679
9994
9704
9713
9814
9663
9769
10133
9734
9776
9773
9703
9740
9658
9717
9714
9677
9675
9702
9946
9720
9692
9995
9778
9992
9861
9689
9675
9693
9706
9920
9713
9698
9993
9840
9748
9696
9667
9664
9666
9726
9708
9676
9973
9642
9632
9618
9617
9652
9747
9702
9734
9720
9619
9641
9784
9648
9614
9631
9648
9649
9681
9647
9648
9591
9685
9583
9579
9618
9650
9588
9551
9572
9544
9569
9489
9490
9437
9536
9439
9441
9443
9415
9416
9441
9393
9440
9379
9340
9418
9419
9339
9361
9421
9326
9328
9422
9240
9235
9505
9157
9180
9534
9135
9133
9089
9110
9199
9047
9119
9026
9023
9322
9006
9334
9009
9212
9203
9158
9000
8985
8985
9281
8985
8977
8977
9136
8957
8952
8958
8952
9136
8916
8890
8924
9357
9370
9200
8865
9055
9123
9343
9058
9027
8991
9067
9034
9016
8912
8981
9056
8966
9042
8984
8922
8959
8942
9024
8856
8962
8856
8813
8806
8835
8850
8836
8858
8848
8859
9002
8886
8949
8776
8775
8753
8877
8755
8819
8754
8801
8738
8749
8743
8730
8680
8716
8671
8687
8656
8781
8553
8640
8582
8658
8488
8538
8758
8511
8449
8406
8554
8451
8744
8384
8386
8738
8377
8745
8377
8698
8361
8678
8346
8988
8340
8606
8348
8350
8329
8564
8383
8373
8791
8569
8638
8658
8374
8441
8763
8407
8651
8472
8398
8771
8360
8512
8357
8299
8354
8471
8720
8151
8401
8362
8694
8182
8243
8177
8304
8190
8176
8323
8249
8274
8204
8212
8245
8332
8253
8245
8536
8224
8366
8552
8389
8381
8291
8397
8295
8383
8356
8356
8198
8151
8170
8157
8197
8185
8171
8142
8275
8225
8234
8190
8186
8147
8158
8137
8115
8114
8106
8121
8070
8166
8075
8081
8039
8034
8021
7919
7883
7941
7897
8139
7827
7853
7832
7832
7820
8119
8144
7796
7771
7779
7813
7808
8156
7732
7722
8042
7962
8096
7723
7727
7877
7905
7941
8107
8072
7830
7838
7703
7858
7805
7767
7705
7716
7652
7647
7630
7650
7661
7663
7651
7699
7687
7668
7834
7650
7656
7774
7637
8084
7701
7842
7648
8007
7730
7823
7798
7657
8126
7728
7713
7728
7711
7773
7638
8112
7623
7620
7620
7620
7620
7613
7613
7604
7605
7588
7590
7575
7575
7621
7562
7563
7625
7562
7531
7489
7502
7500
7548
7611
7469
7580
7644
7389
7433
7579
7471
7498
7594
7512
7349
7598
7598
7350
7423
7391
7349
7458
7634
7571
7560
7560
7489
7581
7383
7419
7619
7612
7630
7357
7560
7344
7361
7333
7327
7350
7327
7334
7346
7281
7280
7349
7323
7312
7283
7281
7317
7310
7326
7417
7283
7330
7359
7320
7369
7337
7338
7317
7330
7267
7426
7424
7272
7279
7405
7256
7254
7235
7241
7199
7237
7192
7192
7228
7216
7248
7266
7329
7252
7255
7327
7171
7177
7137
7149
7091
7058
7088
7072
7083
7116
7105
7116
7069
7138
6998
7011
6971
6975
6906
6973
6927
7056
6982
6919
6923
6898
6823
6848
6791
6806
6827
7171
7165
6841
6775
7130
7112
7129
6846
7095
6748
6748
6736
6722
7090
6741
7111
6735
6924
6980
6990
7203
6713
7200
6716
6900
6838
6873
6805
6827
6781
6803
6785
6772
6714
6697
6682
6682
6612
6638
6645
6600
6652
6603
6625
6588
6775
6740
6602
6582
7063
6719
6585
6911
7017
7054
6995
7024
6556
6570
6524
6545
6546
6517
6491
6496
6496
6495
6470
6470
6441
6462
6446
6444
6427
6428
6418
6953
6726
6983
6364
6730
6691
6429
6376
6853
6618
6666
6640
6318
6602
7242
6595
6744
6172
6591
6040
6062
5991
6029
5984
5951
5984
5917
5893
5922
6575
5894
5854
5850
6556
6545
6566
5828
6508
6487
6486
6640
6590
5862
5876
5886
5949
5924
5951
5978
5932
5999
6020
6044
6033
6061
6089
6220
6141
7122
6792
6261
6631
6795
6631
6261
6649
6351
6330
6765
6728
6673
6379
6449
5842
6458
5887
6573
5938
5942
5920
5967
6004
6035
6049
6027
6121
6114
6269
6243
6257
7294
6306
6696
6323
7135
5839
6743
6462
6525
6555
6500
5859
6031
6020
5999
6168
6066
6049
5958
5876
5964
6515
6802
6490
6491
6454
6388
5854
5818
5831
5817
5830
5826
5806
5789
5736
5769
5760
5768
5775
5737
5721
5718
5710
5726
5707
5714
5638
5688
5726
5642
5689
5710
5749
5687
5646
5643
5634
5634
5624
5688
5607
5623
5571
5651
5618
5639
5534
5629
5690
5619
5515
5569
5569
5473
5483
5614
5482
5457
5525
5536
5517
5570
5540
5474
5459
5541
5445
5643
5484
5444
5402
5475
5462
5459
5487
5398
5706
5517
5464
5375
5362
5457
5418
5365
5432
5370
5428
5381
5347
5382
5354
5406
5279
5360
5321
5322
5320
5270
5086
5084
5095
5310
5102
5105
5276
5104
5119
5207
5182
5102
5306
5256
5204
5093
5158
5245
5130
5093
5086
5094
5077
5077
5061
5070
5052
5037
5017
5077
5078
5093
5064
5068
5055
5073
5035
5032
5016
5014
5025
5121
5022
4995
5006
5032
5013
4963
4951
5011
4972
4953
4924
4924
4993
4957
4971
4973
4955
4949
4929
4944
5037
4895
4995
5035
4931
4945
4996
5033
4935
4904
4908
5041
5025
4951
4884
4888
4868
4880
4854
4864
4865
4832
4716
4826
4717
4770
4718
4754
4930
4721
4945
4950
4824
4790
4837
4804
4811
4781
4889
4822
4897
4653
4672
5023
4918
4920
4666
5057
4864
4635
4895
4901
4675
4601
4582
4582
4843
4881
4836
4849
4537
4828
4537
4788
4808
4754
4814
4560
4814
4561
4727
4499
4708
4666
4974
4722
4460
4441
4389
4443
4489
4576
4377
4664
4857
4743
4403
4444
4399
4511
4496
4465
4818
4514
4798
4828
4556
4836
4548
4617
4574
4621
4595
4598
4660
4897
4346
4447
4391
4406
4458
4462
4505
4515
4500
4395
4404
4472
4496
4459
4493
4446
4435
4464
4456
4428
4422
4409
4491
4361
4397
4359
4361
4352
4335
4312
4338
4311
4271
4273
4438
4287
4108
4215
4043
4035
4400
4337
4265
4298
4358
4030
4014
4276
4272
4102
4006
4093
4010
4017
4262
4426
4426
3959
4009
3910
3938
3938
3914
3834
3873
3796
3826
3795
3762
4455
3771
4392
3928
3999
3935
4043
4339
4322
4319
3718
4020
3985
3909
3862
3769
3771
3729
3663
3690
3745
3579
3959
3620
3839
3756
4400
3584
4009
3724
4290
4025
4028
3773
4062
3491
3499
3630
3717
3582
3646
3655
3671
3641
3682
3583
3848
4437
3711
3674
3630
3575
3463
3554
3501
3445
3640
3437
3501
3544
3458
3629
3629
3664
3588
3432
3675
3431
3421
3454
3671
3436
3435
3456
3910
3688
3511
3498
3498
3270
3525
3301
3301
3340
3303
3380
3427
3420
3498
3468
3473
3472
3488
3173
3183
3135
3178
3227
3194
3182
3252
3220
3233
3275
3291
3359
3360
3394
3430
3444
3436
3463
3477
3436
3488
3291
3300
3136
3253
3415
3114
3075
3125
3062
3135
3019
3071
3010
2920
2940
2934
2934
2856
2903
2858
2815
2865
2831
2809
2783
2792
2822
2774
2646
2602
2612
2674
2728
2625
2690
2727
2727
2757
2745
2648
2613
2741
2612
2569
2568
2590
2586
2586
2573
2565
2555
2563
2538
2555
2513
2555
2517
2466
2476
2541
2502
2499
2504
2453
2508
2443
2402
2457
2412
2384
2426
2388
2388
2362
2415
2355
3163
2338
2642
2622
3407
2369
3510
2536
2622
3551
3576
3603
3578
2616
3576
3483
3580
3454
3575
2740
2563
2597
2338
2511
2347
2310
2558
2580
2643
2637
2698
2672
2510
2608
2524
2694
2792
2702
2492
2458
2731
2428
2708
2774
2461
2428
2372
2845
2868
2876
2402
2368
2911
2899
2406
2515
3384
2419
3094
2993
3516
2945
2322
2910
3362
3280
3086
3489
3429
3013
2447
3392
2621
2624
2603
2884
2863
3063
3146
2672
3284
2726
3308
2551
3265
2554
3247
2657
3616
2619
2532
3199
3297
2777
2389
2814
2431
3182
3187
3316
3308
2324
2346
3321
3528
3348
3358
3381
3359
3496
3380
3544
3496
3583
3460
3244
3192
3140
2810
3600
3527
2326
2975
3038
2944
3511
2854
3569
2508
2952
2349
2258
2334
2227
2270
2257
2258
2258
2302
2265
2334
2297
2313
2257
2307
2293
2365
2266
2224
2279
2239
2272
2257
2355
2215
2307
2235
2246
2168
2210
2237
2196
2237
2141
2240
2167
2118
2112
2130
2128
2180
2207
2176
2208
2139
2192
2213
2197
2127
2213
2185
2215
2169
2119
2115
2120
2108
2097
2104
2086
2085
2085
2092
2081
2056
2013
2026
2047
2059
2041
2058
2051
2042
2092
2083
2102
2083
2020
2090
2046
2033
2034
2051
2042
2057
2041
2050
2045
2050
2090
2127
2117
2100
2053
2091
2058
2022
2021
1957
2024
1987
2016
1988
1914
1948
1960
2009
1951
1914
1946
2010
2010
1963
2023
2018
2014
1912
1912
1838
1907
1879
1900
1904
1936
2010
1916
1877
1963
1772
1800
1751
1842
1741
1758
1728
1745
1743
1765
1758
1733
1730
1715
1761
1737
1684
1832
1685
1734
1683
1729
1758
1742
1721
1771
1739
1750
1689
1709
1813
1680
1838
1688
1698
1679
1669
1715
1740
1659
1666
1659
1705
1667
1665
1635
1649
1648
1678
1637
1619
1661
1616
1683
1630
1648
1661
1605
1606
1684
1590
1584
1605
1576
1574
1556
1571
1543
1601
1644
1588
1609
1624
1617
1641
1608
1654
1634
1600
1610
1501
1629
1608
1539
1621
1509
1571
1571
1562
1468
1395
1424
1384
1358
1363
1313
1467
1246
1106
1107
1098
990
978
1053
992
964
976
1005
1126
952
972
921
974
959
958
1115
1085
960
911
909
983
960
877
837
913
876
859
913
875
915
893
860
954
860
858
857
876
874
872
948
875
895
834
895
836
897
816
840
814
817
838
817
809
818
780
812
785
827
776
797
769
785
782
771
792
759
804
769
769
782
760
767
732
760
754
754
738
762
765
743
723
763
756
758
718
724
757
740
718
680
742
679
725
720
690
523
513
502
492
356
291
230
278
389
630
626
681
675
701
689
732
787
616
725
162
162
253
257
320
245
369
458
205
180
213
298
507
213
225
674
150
155
139
116
90
85
731
597
541
562
483
391
491
433
343
322
336
111
360
340
285
288
257
262
230
288
196
229
210
198
200
160
170
192
18
195
96
91
346
568
223
35
25
202
13
22
23
15
12
9
23
21
9
20
23
35
25
28
21
13
26
30
56
53
18
40
23
15
5
7
21
31
37
21
18
18
13
7
46
42
28
64
18
25
32
14
21
91
59
11
12
41
11
24
31
31
34
18
42
122
16
67
47
204
37
22
4
71
125
108
15
135
177
47
34
41
49
73
12
70
28
25
36
52
51
17
22
16
19
5
24
19
12
7
14
57
38
14
8
17
16
19
62
70
16
90
16
9
6
33
17
8
36
10
16
7
38
38
66
47
52
85
22
39
27
41
28
14
40
28
16
17
43
8
14
21
39
31
5
28
31
25
77
7
13
14
10
31
12
12
7
24
31
5
9
25
28
18
26
60
59
5
31
36
54
25
12
32
33
44
24
64
99
79
78
74
71
25
32
74
9
39
28
8
34
33
38
47
86
30
64
14
30
9
54
5
31
46
32
23
8
24
30
22
7
11
11
11
12
29
5
8
13
7
6
24
21
16
31
38
16
14
7
7
73
60
115
107
11
10
27
31
21
49
17
19
53
26
13
4
17
6
72
16
50
58
10
107
42
15
16
51
6
6
13
13
11
5
25
9
37
29
59
27
48
34
10
8
21
99
6
71
86
65
41
22
7
6
12
123
7
8
12
10
14
13
4
45
26
51
16
20
9
10
11
6
36
15
20
18
56
14
13
35
10
53
51
13
35
7
26
10
29
16
7
6
139
127
33
116
90
14
45
40
11
57
15
33
8
18
10
7
11
9
23
31
16
53
6
35
24
35
63
6
226
4
35
50
8
50
17
5
53
5
60
141
48
5
31
3
23
156
6
48
20
74
137
113
14
82
13
154
16
13
94
137
114
51
226
104
234
64
86
122
15
100
14
6
30
31
10
11
32
33
13
13
35
59
107
41
51
63
47
47
67
34
17
33
8
10
26
14
20
18
15
10
19
13
10
47
16
18
7
40
76
66
36
82
17
26
10
89
9
13
60
23
23
12
14
12
20
40
44
18
23
7
7
4
8
11
7
10
6
45
137
132
17
5
16
11
9
14
11
14
36
12
8
15
9
11
11
12
8
16
10
11
13
6
16
12
10
11
9
11
42
19
65
63
25
10
9
19
27
15
10
8
7
11
8
7
9
16
9
9
23
11
9
8
7
14
13
7
11
13
11
4
8
11
15
13
9
32
42
12
17
11
13
27
31
6
15
5
12
5
11
8
7
19
5
19
5
14
8
10
9
5
9
9
12
8
19
26
20
15
7
7
12
14
10
29
11
13
30
11
9
9
5
11
14
9
12
11
8
8
13
9
15
16
11
6
6
6
5
13
12
24
21
10
8
39
9
21
17
8
14
11
11
20
8
9
13
9
4
16
7
16
21
14
16
16
7
5
9
6
6
7
11
14
6
10
14
11
8
10
10
16
6
9
20
19
15
8
14
17
10
25
22
18
13
7
7
6
11
6
13
14
13
11
5
5
9
8
18
16
19
8
22
14
4
10
14
14
7
12
6
11
8
11
5
9
6
6
9
7
15
13
9
9
11
10
4
8
12
21
18
36
17
26
13
13
14
12
13
13
38
20
60
11
7
12
6
8
7
10
12
15
9
14
13
13
6
6
10
7
8
24
11
4
42
43
22
6
6
5
5
6
11
62
14
91
88
46
15
18
30
38
35
44
43
36
61
39
35
53
26
13
96
19
4
43
42
6
16
8
5
102
5
8
8
100
55
36
35
11
27
71
21
16
32
41
15
20
20
15
6
11
6
12
11
7
5
7
12
5
6
7
7
15
6
13
6
14
10
9
10
9
10
11
8
22
11
11
9
17
13
33
33
27
16
19
9
41
23
13
10
12
4
15
9
5
9
9
13
11
8
8
8
5
12
10
16
5
5
9
12
9
10
10
11
14
14
13
21
13
14
17
23
5
13
14
10
8
7
8
17
18
10
12
14
13
24
11
16
6
16
17
15
34
36
13
10
11
19
22
18
13
28
21
13
24
14
15
10
9
9
19
8
24
12
13
23
15
12
15
13
32
12
30
17
16
24
11
21
22
17
10
8
13
15
23
15
9
26
11
13
26
37
39
6
21
10
12
22
7
28
6
6
54
42
24
32
17
39
4
10
33
16
14
16
10
12
12
5
5
6
5
10
10
21
25
11
33
14
10
13
12
33
19
6
17
5
5
14
6
24
23
8
20
10
16
13
9
8
9
9
9
21
9
4
9
25
11
17
17
6
6
7
14
16
5
25
9
9
8
11
11
15
28
19
18
11
18
24
22
21
17
20
39
8
14
8
10
6
38
16
9
31
39
41
32
8
9
18
9
16
10
17
19
17
72
8
9
29
7
19
6
20
13
18
13
7
35
11
10
134
7
131
135
5
109
11
7
20
14
22
7
13
11
14
9
8
7
19
12
16
5
15
12
6
7
9
7
9
21
25
12
8
10
14
12
11
9
12
24
24
17
16
7
27
54
63
10
12
12
6
10
4
14
9
12
9
10
6
20
3
10
9
8
11
8
15
8
6
8
40
33
35
16
14
41
93
9
53
85
17
185
5
12
5
8
7
4
13
8
6
8
11
9
9
9
15
15
29
20
23
45
24
12
11
6
8
18
13
19
24
26
47
23
27
10
9
15
11
17
8
18
13
10
7
13
13
15
13
15
11
20
10
59
6
6
18
11
12
19
14
33
13
8
20
10
7
14
9
18
12
6
39
11
64
44
68
25
66
5
11
8
8
12
10
19
23
16
19
17
19
26
16
5
23
9
22
10
8
9
22
13
11
14
5
8
9
9
10
11
11
11
5
11
18
10
9
12
9
4
6
9
17
15
33
6
22
31
30
29
13
9
8
19
9
11
10
9
10
9
7
8
11
8
10
7
13
13
10
21
9
8
8
9
7
14
5
8
7
13
8
11
10
8
6
7
13
12
12
21
9
17
21
7
23
11
10
12
11
11
16
17
15
8
26
12
11
5
11
5
8
6
12
20
6
15
8
10
8
13
13
7
8
14
19
9
5
5
14
8
4
6
9
8
7
11
7
6
8
5
11
9
7
32
14
16
27
9
16
10
10
10
8
10
11
12
13
13
9
9
9
8
13
11
13
10
22
31
12
10
15
25
45
41
19
5
20
15
10
7
11
15
17
11
10
7
14
21
32
21
4
6
22
20
18
19
12
14
10
7
30
12
9
13
15
14
4
20
11
15
14
8
6
12
10
21
27
21
16
13
12
10
21
8
10
7
5
9
12
19
5
8
10
9
6
6
14
16
8
5
10
9
16
6
6
9
9
7
10
15
11
22
17
15
19
5
10
4
15
12
8
9
16
14
11
8
15
10
14
13
10
13
22
13
6
9
8
16
11
17
11
5
5
9
8
25
6
13
5
8
29
7
8
10
16
12
11
5
11
7
13
5
8
10
5
12
5
12
5
5
12
6
6
5
10
16
6
12
12
15
5
15
27
11
12
14
23
16
20
9
6
7
15
20
10
5
6
20
15
7
9
5
23
14
32
12
5
7
11
18
6
9
8
9
9
9
8
6
9
7
14
9
5
13
10
13
8
9
11
7
5
4
15
10
15
8
7
12
7
14
8
8
9
5
8
9
13
10
10
11
4
11
8
24
16
24
46
5
10
11
11
9
11
8
12
11
6
13
9
7
5
8
5
7
7
8
13
10
12
7
5
12
21
8
19
9
9
8
12
9
10
7
6
9
7
12
5
18
10
13
7
5
4
15
15
14
11
12
19
13
33
28
11
10
5
11
9
22
6
30
17
9
10
27
4
12
6
14
8
16
10
19
13
20
18
14
32
8
27
10
30
22
102
84
78
55
99
70
85
13
47
29
92
8
106
92
5
9
13
18
11
71
7
14
9
13
13
7
15
17
15
13
21
8
5
8
6
6
8
8
7
12
8
9
16
9
16
20
20
21
13
14
12
18
9
27
12
18
16
9
14
16
10
13
7
17
7
13
10
15
20
14
14
14
10
15
5
18
11
7
16
26
17
18
32
13
34
24
25
30
24
13
23
22
10
17
34
11
7
42
7
9
5
21
27
41
5
15
8
6
8
16
15
15
5
4
20
9
33
23
15
29
7
5
7
11
21
13
9
9
12
8
21
14
38
27
23
31
40
7
14
9
10
9
10
14
9
23
24
6
8
12
26
17
20
26
11
17
21
24
23
30
26
25
34
17
21
26
7
39
23
9
9
9
17
19
9
29
25
26
15
18
30
15
10
13
6
7
36
30
5
24
21
18
14
24
25
27
13
19
15
22
42
27
40
35
54
69
46
36
22
23
11
20
6
21
8
8
9
8
10
13
9
18
25
18
7
9
15
17
11
21
8
14
26
11
10
8
7
43
21
41
28
40
20
7
6
30
11
16
44
11
11
20
24
23
21
12
25
29
7
17
13
11
14
13
25
24
8
12
16
20
16
13
18
23
10
10
9
14
8
12
12
5
15
7
9
13
19
10
13
12
11
8
8
18
10
14
14
12
15
15
13
6
7
10
14
4
12
9
10
19
23
24
29
25
6
6
10
15
16
17
13
19
18
11
20
15
14
10
32
33
37
18
45
27
33
5
19
18
11
19
22
11
25
17
20
10
12
14
6
19
10
14
14
12
11
21
11
27
36
15
18
25
18
7
15
5
18
11
12
22
12
23
21
12
25
21
43
12
17
14
12
13
9
13
19
8
25
35
36
111
136
91
207
217
8
11
22
14
12
17
15
11
11
14
7
18
14
11
10
11
13
7
10
15
14
14
13
27
8
6
20
11
15
13
20
23
6
9
6
21
9
21
5
11
13
11
14
10
94
112
102
98
20
37
64
13
162
152
7
54
13
20
31
21
38
16
11
20
33
34
9
10
11
10
10
10
12
16
19
24
6
12
12
26
20
31
26
25
38
25
6
8
29
23
14
13
11
12
22
11
17
13
18
10
12
12
7
9
15
10
11
11
23
10
16
23
28
15
18
14
11
17
11
19
13
14
13
25
8
10
13
14
11
22
14
22
23
24
7
7
17
16
31
11
17
37
25
17
26
12
17
31
16
16
17
21
7
18
46
36
51
21
32
26
5
17
18
20
13
13
12
11
26
15
33
29
40
32
20
22
17
18
13
15
14
12
68
30
28
18
11
11
5
35
20
35
12
11
32
16
19
35
24
24
12
24
36
14
8
14
17
11
27
30
37
40
36
48
10
53
26
17
17
6
14
19
22
22
8
29
13
13
13
37
38
38
36
7
25
30
52
21
62
46
48
38
7
21
60
26
13
10
8
14
10
15
11
7
10
15
13
18
10
26
18
11
8
12
26
21
7
9
6
12
13
18
19
9
17
9
28
8
13
22
10
39
25
9
12
25
12
11
24
18
11
6
14
15
10
5
14
34
15
9
12
12
24
23
21
11
14
16
28
24
22
39
17
16
13
35
33
50
33
29
19
43
76
48
51
10
26
15
23
26
8
17
42
30
16
40
32
38
29
61
55
44
40
112
37
84
66
19
89
25
11
17
15
16
15
4
12
25
15
20
23
30
12
19
15
16
16
17
17
19
13
7
15
7
11
21
14
28
15
19
7
14
14
15
15
29
36
42
24
24
35
19
19
34
139
13
22
37
39
41
37
41
39
18
10
23
28
33
37
23
18
19
21
22
22
30
23
25
22
17
10
32
32
12
21
17
13
13
19
7
17
9
14
16
13
6
13
7
52
55
39
37
54
6
38
13
13
17
12
11
14
16
11
37
13
13
10
35
15
7
41
23
11
9
6
10
22
22
12
28
23
29
19
31
13
26
23
21
22
22
24
35
35
27
9
36
25
10
77
12
9
8
6
23
8
22
23
12
22
10
6
11
12
15
6
14
16
5
8
9
16
12
14
26
28
31
15
18
14
10
12
18
26
27
17
23
10
18
21
9
38
8
16
13
6
33
17
19
9
14
14
16
22
37
30
26
31
16
21
12
60
10
30
74
6
9
45
50
46
14
6
22
27
6
5
25
20
31
8
12
8
12
12
8
15
7
25
31
15
36
29
72
40
96
122
96
206
79
85
79
79
45
26
72
70
54
69
44
68
32
20
42
5
8
163
213
11
14
8
15
10
20
31
32
21
18
14
6
35
8
19
13
14
15
12
8
15
12
25
12
15
8
9
11
13
14
10
4
18
9
11
13
7
16
13
21
24
17
11
21
18
32
32
17
7
13
19
6
10
13
13
24
22
28
11
28
12
18
20
7
7
39
8
38
30
17
27
7
29
43
9
61
54
17
8
38
14
11
19
21
10
10
8
9
10
22
15
8
18
59
20
48
65
42
11
44
10
11
15
12
10
12
20
22
22
7
15
17
12
16
12
20
16
6
26
12
8
14
15
5
15
10
13
11
9
12
8
10
9
9
11
10
13
13
11
19
10
15
16
17
8
17
6
22
16
22
29
29
15
17
10
7
21
7
25
28
12
14
15
10
17
16
9
11
13
18
17
16
6
6
10
21
11
17
17
19
22
29
26
14
8
28
38
7
46
16
33
46
34
11
20
19
15
35
23
35
23
7
39
32
7
27
16
12
12
9
14
21
17
19
6
16
20
10
12
19
13
14
25
13
19
6
16
8
12
5
11
11
13
21
9
5
21
13
10
15
20
13
6
17
21
12
23
12
13
10
14
16
10
16
16
19
19
10
21
24
11
13
6
8
19
22
9
11
9
12
12
8
7
13
13
9
25
26
7
28
29
20
10
19
26
9
7
16
17
14
18
12
16
17
24
18
17
21
26
8
12
9
8
13
13
9
24
19
18
15
4
15
10
7
7
15
18
6
9
6
9
9
6
20
19
22
10
7
7
6
15
5
6
25
28
26
18
19
14
26
10
22
16
16
23
26
30
36
28
12
11
26
20
22
7
9
11
10
14
10
9
12
9
12
10
4
7
13
11
8
10
9
11
8
13
29
22
13
12
10
15
14
11
15
9
10
9
12
4
14
8
8
8
8
9
7
10
9
9
12
15
9
10
11
15
9
10
5
17
15
14
18
13
15
17
14
12
8
20
5
8
8
13
12
19
8
7
10
21
26
25
35
6
28
8
19
11
26
10
17
6
18
13
13
11
12
10
9
10
10
13
8
35
8
18
20
17
26
15
15
5
12
77
68
104
90
16
20
25
25
23
7
15
48
97
7
18
25
14
12
11
12
13
83
112
155
59
93
15
58
15
11
13
13
13
8
10
9
7
5
15
5
13
102
12
9
12
9
9
10
9
14
7
9
15
5
13
12
6
8
4
9
6
4
13
7
8
5
14
11
12
15
12
22
12
12
7
4
11
9
11
22
12
9
23
13
15
8
10
9
17
11
10
11
11
15
11
6
11
11
9
12
12
6
6
6
13
6
8
24
35
68
44
49
17
30
9
10
6
4
10
12
15
5
7
7
6
9
12
7
10
33
93
101
10
8
9
14
39
14
10
10
9
13
6
42
7
38
6
20
26
20
59
10
5
10
15
11
12
13
7
6
17
6
10
12
10
8
10
11
12
5
5
11
12
6
9
11
12
13
11
7
8
10
9
12
7
11
9
10
8
13
8
8
16
5
5
5
25
16
15
8
13
7
12
7
8
8
9
7
10
6
16
10
25
9
11
16
11
11
11
10
8
13
16
11
13
9
18
8
11
11
4
7
7
13
13
11
24
14
10
14
258
11
174
9
9
9
10
5
8
8
16
14
23
10
4
6
9
9
10
10
13
13
11
6
4
8
5
10
20
11
7
11
10
6
8
8
11
8
11
7
7
14
14
10
10
8
18
16
13
22
10
8
9
9
8
7
24
11
13
10
6
15
8
5
8
9
9
9
9
16
11
10
19
11
7
11
11
10
15
12
14
5
7
7
8
10
11
13
14
5
12
6
10
14
11
17
9
10
5
5
6
13
10
13
18
8
9
9
15
12
10
7
8
11
11
10
15
17
12
8
10
19
5
23
18
24
26
9
16
10
29
11
30
26
16
6
4
16
6
15
10
20
19
7
20
18
14
13
26
8
27
32
18
23
13
9
32
26
26
14
8
16
15
9
9
5
17
17
12
12
12
17
12
13
14
8
21
29
9
15
15
13
6
15
6
13
18
9
13
37
39
66
12
11
17
25
8
13
12
15
12
9
29
18
26
26
14
15
12
54
12
12
14
11
8
14
10
15
42
8
248
41
17
12
32
15
36
32
13
24
13
10
15
19
16
15
13
10
11
10
12
8
12
9
12
8
9
14
7
15
8
14
10
19
9
11
16
11
8
11
10
13
11
12
13
39
41
26
43
10
60
17
24
27
32
30
11
9
9
7
14
9
12
17
12
19
7
9
12
18
9
8
14
16
24
14
17
9
10
19
18
27
23
13
23
23
35
31
24
29
7
11
14
27
12
13
14
16
16
12
16
16
6
25
14
14
13
12
14
15
9
9
8
11
12
8
10
16
6
6
15
11
19
8
21
21
24
21
6
10
11
18
6
8
11
7
14
12
7
16
13
10
19
14
10
12
14
15
12
11
13
7
23
19
12
14
13
14
17
14
14
12
17
9
19
20
21
12
15
11
20
17
5
12
14
15
13
7
13
9
9
8
9
13
12
10
10
6
12
20
13
12
11
12
13
13
16
18
16
14
14
6
7
18
11
8
9
15
11
10
12
9
6
17
12
17
20
7
6
8
9
22
9
11
14
8
11
9
7
16
7
11
15
17
12
24
9
14
18
14
18
19
25
12
13
5
13
16
15
16
8
11
12
18
14
17
19
24
43
10
11
20
22
25
35
143
141
91
153
142
9
10
11
25
19
7
15
9
12
12
14
16
15
13
16
15
12
9
16
15
27
26
27
9
15
25
20
13
13
7
15
31
56
58
29
27
9
7
9
17
8
10
28
12
9
13
9
10
6
12
12
12
13
10
20
13
36
16
11
13
17
10
17
19
11
19
21
12
12
20
16
12
9
18
11
15
16
17
7
19
27
16
16
9
10
29
11
30
10
34
20
18
15
35
20
34
19
15
8
47
11
11
20
11
6
7
7
15
10
10
9
9
16
10
30
16
17
30
13
13
22
26
23
24
13
12
22
58
56
43
15
19
31
87
15
12
10
7
11
13
10
13
13
13
15
9
13
13
39
30
28
28
11
17
14
15
8
16
22
61
10
17
13
16
15
114
10
18
13
13
13
12
17
12
11
13
13
5
8
16
7
7
12
12
11
11
13
15
11
11
15
5
10
9
19
6
10
11
11
14
12
12
14
15
22
6
11
7
10
44
7
15
10
10
15
16
9
18
14
6
25
5
19
20
10
13
10
14
10
6
14
14
13
8
16
16
9
14
8
10
17
32
14
23
13
32
15
7
25
40
13
27
23
19
24
14
22
15
13
11
10
20
16
12
8
13
12
6
13
9
13
16
12
13
12
13
17
7
70
9
38
16
11
12
13
20
22
10
26
32
23
25
22
15
15
24
19
18
13
12
14
24
9
15
26
18
14
5
7
8
31
14
7
9
13
15
19
22
13
16
21
22
56
59
96
113
286
9
12
9
12
12
16
12
8
8
11
13
6
13
12
8
6
15
10
7
9
13
13
38
16
27
19
20
15
14
9
11
12
5
14
9
6
24
7
9
17
10
11
6
16
5
12
20
6
12
12
8
16
13
9
7
30
7
24
5
12
13
11
10
14
8
8
12
13
6
12
13
9
76
321
11
29
12
15
6
15
10
13
8
6
10
6
17
10
11
12
14
18
12
10
14
12
12
19
20
15
6
50
26
66
31
13
34
5
20
5
177
193
16
16
12
14
18
18
11
23
7
22
20
16
10
9
12
13
19
7
12
11
6
16
18
31
5
10
7
12
13
15
21
14
12
11
20
11
14
18
30
13
6
11
11
12
8
11
6
15
17
9
15
6
180
14
10
9
10
12
8
13
16
12
11
15
8
9
11
11
7
17
13
38
22
21
8
10
18
13
19
13
5
17
5
4
7
10
11
12
16
10
5
12
11
9
15
28
9
10
12
19
8
5
10
41
33
23
4
9
14
17
24
8
23
12
19
10
8
10
12
7
12
29
11
7
16
5
20
8
11
9
10
13
12
11
6
19
18
60
52
81
9
11
14
13
10
7
15
13
9
7
7
28
9
27
9
15
10
20
11
10
10
48
13
10
7
6
9
8
14
10
8
6
8
10
13
15
13
7
7
23
25
4
14
26
19
47
12
11
15
198
204
201
160
13
158
10
10
9
11
9
12
12
10
9
9
7
7
6
13
7
13
16
6
12
8
15
10
11
58
30
19
44
12
13
18
20
8
10
11
11
6
9
9
6
9
10
14
11
9
12
5
8
7
6
8
12
16
36
36
30
18
4
16
13
9
13
9
21
10
22
9
11
12
5
19
9
10
26
26
31
23
7
26
43
9
18
13
7
28
16
13
24
15
10
7
16
15
12
14
13
13
12
14
23
19
14
7
13
11
12
8
21
18
19
20
10
13
11
26
11
18
22
25
8
20
10
17
16
39
66
14
7
15
6
9
19
11
13
17
24
237
13
10
13
13
13
15
12
8
15
16
7
5
20
13
16
32
37
27
10
12
12
14
12
7
14
17
8
28
16
12
28
14
11
11
17
15
20
14
13
11
10
7
8
14
16
16
15
20
12
13
11
19
15
9
16
2
3
9
10
11
12
6
12
11
18
28
20
14
11
12
4
16
3
10
4
6
4
22
3
5
11
10
27
12
27
14
14
7
15
14
16
12
16
16
12
23
20
15
26
22
30
20
45
35
7
10
13
15
13
16
13
15
12
10
17
15
15
23
16
26
7
12
8
30
29
30
6
30
13
12
11
13
22
9
13
19
20
7
11
24
18
12
11
10
22
16
14
23
5
21
11
17
23
10
13
35
27
58
183
12
16
13
14
13
7
24
11
15
15
15
15
17
16
31
21
19
16
13
19
23
21
30
19
8
12
14
13
7
2
7
11
24
13
14
15
20
20
17
24
28
43
30
49
34
28
23
15
16
7
21
11
13
7
8
17
15
11
68
66
74
79
17
12
86
101
34
37
14
20
25
48
26
46
18
23
31
13
14
41
7
19
32
9
5
6
46
73
38
9
71
8
14
39
86
19
6
23
31
52
25
19
21
9
25
16
15
31
13
18
15
12
6
14
12
16
22
7
29
12
17
28
34
11
18
30
32
20
20
18
9
27
22
12
23
16
20
7
41
38
35
19
31
18
14
20
7
30
22
17
5
34
13
51
12
22
29
7
13
8
7
5
5
13
4
4
4
5
5
9
4
5
8
14
10
10
5
6
8
7
4
18
8
18
22
5
5
16
6
26
12
18
17
31
23
24
39
39
30
15
27
32
27
27
22
31
46
48
9
11
38
6
14
6
16
32
33
42
44
31
54
88
15
32
33
75
14
80
96
11
10
12
5
35
74
88
62
60
69
48
11
9
8
13
10
10
20
19
13
6
21
17
8
25
11
9
5
11
7
35
16
8
21
21
7
22
20
25
8
18
11
28
23
11
9
12
10
21
7
14
17
14
9
15
52
35
20
40
9
29
54
11
47
70
11
8
24
21
18
77
68
17
5
16
12
13
32
13
8
11
14
5
11
23
13
13
10
5
10
11
10
13
14
13
11
18
20
17
4
5
94
57
53
46
53
33
78
75
54
58
43
140
30
37
39
38
39
148
152
158
148
19
55
45
14
55
120
11
9
16
18
9
12
10
8
11
9
12
11
11
6
8
7
5
8
11
9
6
8
10
16
8
11
10
6
10
8
9
8
19
16
20
13
11
10
20
23
22
23
22
21
30
23
37
45
25
37
13
50
46
32
16
51
37
54
51
74
21
44
34
11
13
8
14
55
29
24
20
9
12
10
7
6
10
15
9
18
31
38
13
5
22
16
11
30
27
12
6
6
11
11
22
14
12
6
12
22
53
10
53
10
17
18
26
17
21
54
22
15
48
44
32
47
29
37
39
44
56
55
76
55
6
64
44
19
68
22
63
72
56
14
26
13
32
19
19
10
12
13
18
10
36
23
12
8
18
16
5
18
12
24
18
16
15
24
11
16
7
6
26
26
15
17
15
8
11
12
11
9
14
12
11
23
20
31
18
10
11
13
10
12
7
14
9
14
21
27
12
12
19
12
11
15
13
13
13
11
19
11
7
12
16
20
9
11
5
10
13
16
9
27
14
10
19
36
22
21
16
8
7
26
10
10
6
10
15
11
16
39
22
15
14
16
13
9
18
14
11
15
23
11
26
19
16
22
11
12
12
21
15
6
11
11
13
17
15
11
18
10
11
20
12
16
25
29
48
6
6
7
10
10
11
9
11
8
9
7
11
7
8
11
7
3
9
5
11
3
4
2
3
3
2
31
3
33
29
40
33
14
33
28
27
24
23
43
12
38
34
39
45
47
48
28
33
30
25
45
65
25
24
54
36
37
37
35
37
36
37
38
39
36
35
80
35
34
43
35
35
45
32
70
46
42
42
43
41
48
44
42
51
84
55
49
48
51
49
51
51
48
48
50
47
47
47
48
47
45
46
63
54
53
52
47
52
47
53
46
58
48
47
46
45
48
79
45
44
46
46
43
59
39
38
63
38
34
37
33
34
31
33
38
32
32
66
50
86
67
89
6
5
7
31
13
8
94
90
8
90
55
83
11
55
69
106
41
66
77
79
76
72
67
113
74
102
99
79
82
95
93
73
104
115
88
68
64
59
61
19
77
31
37
19
60
148
62
55
148
11
35
34
31
162
39
34
41
44
95
35
35
102
99
149
98
69
103
134
65
85
34
60
105
40
91
85
100
97
89
158
95
157
86
119
105
59
70
158
88
95
141
109
218
215
29
50
101
157
99
46
43
191
123
54
201
51
51
50
47
43
45
39
41
155
131
161
128
177
157
209
208
221
192
186
206
216
224
184
181
182
183
203
179
206
190
185
164
162
151
149
152
204
194
229
105
100
121
93
103
104
114
54
101
103
90
126
98
81
145
96
99
98
82
71
56
78
83
83
84
81
47
59
75
90
85
103
137
95
95
50
53
80
119
128
98
143
90
51
151
15
200
181
192
190
200
184
185
180
202
179
198
244
183
184
263
198
225
185
277
178
175
175
186
175
191
294
135
176
165
176
176
171
157
149
150
148
165
165
163
165
169
168
206
169
168
171
188
197
189
190
166
187
191
192
190
194
193
199
195
184
182
186
178
178
182
174
173
176
135
170
167
169
170
167
162
212
177
200
179
159
178
186
299
50
265
123
118
68
59
16
36
198
101
32
45
73
75
76
58
51
57
123
166
107
123
144
169
37
150
55
69
12
194
17
82
57
50
6
53
32
8
30
37
20
38
28
35
38
16
12
14
34
20
20
43
34
14
23
10
23
20
17
56
16
92
55
39
69
6
30
13
8
62
49
11
6
25
24
9
28
27
28
41
29
53
6
12
18
12
12
10
15
11
14
20
12
11
17
7
30
45
22
11
27
9
25
24
21
12
14
21
30
14
10
13
16
16
24
16
7
14
32
12
7
16
15
16
13
9
13
16
25
11
7
11
11
49
56
25
53
18
21
24
22
36
44
70
10
68
42
42
35
30
96
13
126
54
6
14
33
76
13
18
18
10
13
13
11
11
16
13
13
9
9
12
6
12
14
13
17
14
14
14
17
16
16
12
12
5
20
15
14
14
13
13
13
14
21
28
12
12
9
16
13
23
11
17
17
19
9
22
14
6
23
24
18
38
38
6
11
15
11
28
26
23
24
9
21
6
15
20
23
24
8
10
11
8
18
8
19
22
9
30
11
12
24
8
12
19
18
21
21
15
30
19
18
10
12
17
19
18
17
6
29
7
15
15
6
22
7
12
27
20
5
21
27
5
25
12
30
6
6
16
17
18
18
5
18
23
14
16
23
17
30
12
14
12
10
23
6
33
11
16
13
17
16
7
19
19
14
9
6
6
11
24
21
19
7
6
13
19
20
13
21
23
13
18
12
18
22
32
25
23
26
10
12
17
47
18
7
8
9
8
11
20
14
14
14
6
18
10
11
11
27
27
27
29
12
26
20
25
27
9
39
13
24
14
15
10
14
18
19
13
28
11
6
8
14
17
15
15
6
20
8
10
13
20
28
10
16
18
12
6
12
15
7
19
21
20
7
13
20
9
7
25
11
9
6
18
8
12
12
15
11
15
19
15
13
16
23
23
24
22
10
12
11
12
20
7
9
9
17
28
18
39
15
10
12
13
12
11
15
15
21
17
13
9
11
13
12
13
10
7
8
12
14
10
16
15
6
15
10
15
17
5
11
11
11
15
13
13
9
12
12
13
12
15
13
7
23
9
27
17
27
14
14
8
52
33
23
118
87
20
57
83
16
19
21
74
10
98
5
10
9
2
17
9
22
18
23
28
33
18
22
54
85
30
6
13
14
13
25
16
17
21
20
13
28
21
23
21
49
26
7
11
18
20
8
19
10
12
14
12
13
12
19
13
14
13
16
16
8
15
13
13
13
10
11
8
28
20
11
17
28
13
25
16
13
12
15
16
13
23
54
23
51
54
101
66
57
37
38
121
64
63
62
73
83
57
66
60
71
62
48
85
70
60
44
43
44
62
14
20
29
62
74
89
71
44
49
86
18
9
8
8
6
10
7
6
13
6
8
8
5
9
11
10
9
15
7
30
11
13
22
14
24
11
8
18
37
43
11
21
22
17
13
18
12
43
22
19
26
30
8
17
8
31
38
61
14
61
64
30
53
9
24
25
46
9
43
53
56
56
15
55
51
7
12
25
16
29
24
28
24
19
28
10
17
20
11
9
15
33
11
15
11
19
27
14
10
10
6
6
13
12
12
8
15
20
20
12
20
9
23
16
5
20
23
33
28
17
22
24
25
24
13
28
34
8
27
15
43
30
42
25
22
27
10
21
110
109
77
91
23
13
16
12
15
11
18
47
21
36
18
18
21
26
143
24
16
83
9
19
8
6
6
75
125
24
17
17
94
8
8
5
5
22
16
12
56
25
50
20
48
54
162
73
47
41
95
27
7
151
134
134
38
72
256
85
83
99
19
38
22
5
13
19
12
9
11
165
159
168
167
186
185
26
177
142
10
19
13
8
13
15
25
17
14
14
17
15
16
19
17
13
6
17
23
6
11
13
15
21
15
21
16
5
31
45
25
8
22
14
22
12
12
33
32
28
17
59
42
85
62
19
44
27
14
28
15
13
12
11
17
36
66
73
21
31
47
52
68
79
11
72
15
19
12
14
19
13
42
22
42
40
30
17
14
17
13
7
46
46
13
32
51
15
43
10
12
30
24
32
24
28
28
23
14
20
20
25
26
21
23
40
19
56
46
40
17
10
15
21
10
5
26
9
39
22
10
15
31
23
20
11
16
14
11
12
15
25
24
13
9
10
9
18
14
14
12
14
17
51
15
47
38
11
12
12
12
22
13
9
14
10
18
13
18
39
13
23
23
35
23
11
12
5
17
27
26
7
18
10
23
6
12
20
35
20
10
6
26
22
15
16
29
17
31
7
18
18
20
21
21
19
19
20
10
12
12
12
11
9
16
10
23
14
6
19
17
17
9
11
20
12
23
8
20
21
55
37
39
10
28
18
31
17
10
18
6
19
11
8
18
4
11
10
12
15
5
25
26
17
17
9
25
8
6
44
43
30
25
39
22
24
56
11
14
36
22
25
26
77
23
37
29
63
18
12
35
28
68
9
135
91
87
40
35
25
6
8
45
59
12
27
55
19
41
67
6
56
17
41
22
59
11
17
41
20
67
17
8
30
11
44
28
71
7
16
8
58
35
26
25
30
30
29
37
38
8
24
13
42
22
16
15
9
24
43
39
66
42
93
19
93
105
16
20
30
56
111
100
203
185
186
13
10
6
9
12
15
11
12
9
13
9
11
7
9
8
15
13
9
10
9
14
15
6
4
12
12
12
5
11
6
12
14
14
16
24
6
13
29
16
13
13
28
14
18
11
24
17
51
158
80
31
26
9
13
6
17
20
34
8
19
11
46
30
20
11
22
8
8
30
9
19
23
13
17
20
9
13
13
10
13
6
48
9
31
35
40
39
6
20
52
70
19
14
56
72
79
39
39
8
39
81
5
57
53
62
74
70
11
48
7
5
22
5
3
11
8
28
34
45
49
38
57
57
8
13
14
18
16
15
16
22
19
46
38
13
10
31
15
20
19
39
20
9
11
22
10
9
18
10
25
19
17
9
13
11
13
17
14
12
15
39
45
6
18
27
13
15
27
41
15
13
11
13
13
14
8
17
16
10
12
9
12
6
10
9
11
8
11
12
15
16
8
12
14
12
14
16
19
14
7
15
14
16
25
15
17
15
33
35
9
27
13
12
19
37
38
30
6
8
25
28
44
37
42
33
13
32
19
58
22
13
8
14
34
5
6
10
9
11
4
7
10
10
10
7
6
11
8
20
12
9
10
12
10
12
27
17
43
30
10
48
24
15
17
22
17
21
15
15
31
41
12
5
11
15
23
7
20
12
16
10
11
13
10
10
19
13
13
12
28
13
34
13
25
23
63
78
40
105
106
68
60
116
122
26
12
13
27
15
8
4
16
8
7
41
121
93
96
91
11
114
14
12
17
12
22
22
16
33
24
36
10
12
14
26
55
47
31
59
56
24
26
40
44
41
47
41
21
38
42
28
20
25
40
55
29
25
16
56
21
40
56
76
95
61
87
16
5
16
16
22
38
17
18
17
28
15
17
16
25
32
14
14
26
30
16
22
29
15
14
6
20
14
20
20
17
10
10
33
42
34
39
35
27
9
7
28
14
34
44
30
37
29
34
18
20
11
26
14
20
26
45
49
36
47
41
33
34
27
51
75
76
87
89
71
86
86
81
81
85
62
15
121
55
92
91
21
70
109
97
8
105
56
19
13
18
41
20
12
18
22
20
17
28
9
18
18
7
20
14
33
35
8
31
12
9
36
22
30
41
26
18
14
14
39
42
42
29
43
55
37
18
13
37
21
15
30
28
15
28
27
16
13
38
15
13
14
18
21
9
7
26
13
14
40
19
15
17
24
27
39
55
18
25
24
26
31
26
38
63
36
41
66
6
32
19
45
24
57
13
17
58
58
36
21
51
14
51
35
27
16
41
11
46
20
26
30
27
27
23
32
26
12
14
52
29
8
18
15
13
14
24
24
39
35
27
13
15
9
31
39
19
29
19
16
43
24
16
33
34
14
87
41
48
109
13
17
14
15
17
14
19
19
20
16
15
25
6
10
10
11
13
24
15
14
14
32
20
17
9
12
12
17
20
19
22
22
7
16
18
24
26
26
25
26
15
7
14
37
16
24
16
21
15
11
22
19
22
17
23
34
22
26
24
9
18
34
28
45
49
11
11
12
20
26
22
24
23
8
14
17
19
18
20
19
9
7
19
13
13
26
17
15
11
15
11
14
9
15
15
15
26
7
31
8
16
43
57
45
26
47
46
14
46
18
55
28
20
20
42
18
6
13
15
15
14
14
18
17
16
10
30
46
11
22
14
13
21
17
15
10
12
11
41
23
24
52
28
33
48
25
95
45
22
24
17
29
28
34
25
31
49
25
25
29
44
24
30
44
29
53
34
30
44
43
30
30
66
31
39
33
39
45
46
61
48
35
50
36
60
42
56
127
143
149
19
28
11
11
15
14
12
6
11
5
18
18
5
14
13
15
11
16
16
15
19
36
36
14
13
14
24
36
29
31
14
20
25
11
16
31
37
35
6
14
19
7
9
6
20
18
24
20
14
35
28
17
21
27
9
26
9
12
19
20
11
9
51
37
14
44
23
40
20
42
10
53
53
24
68
86
27
21
17
76
39
61
18
28
17
26
37
20
31
5
37
5
16
9
9
15
13
40
23
22
65
11
53
13
8
15
16
15
23
26
30
20
99
31
36
24
36
13
9
23
43
10
22
48
19
22
90
11
41
17
104
33
21
51
18
22
14
10
21
19
21
9
14
73
55
85
30
20
22
26
45
54
15
15
17
22
17
9
12
13
36
13
10
28
14
13
24
25
31
7
6
7
18
12
17
17
13
19
19
7
36
8
9
23
15
15
12
22
33
28
25
79
74
12
25
12
18
41
14
27
55
165
16
9
8
21
12
39
9
226
24
161
9
14
12
17
10
6
7
11
16
9
6
20
16
7
13
20
16
13
16
11
14
11
16
15
14
16
15
11
20
12
10
12
12
12
15
22
17
9
25
25
27
30
6
15
11
7
13
21
21
21
14
15
24
18
15
12
15
13
11
9
11
11
19
31
11
17
12
17
9
22
25
24
5
11
21
11
39
9
30
17
15
59
72
86
47
76
75
46
134
32
138
97
24
26
28
24
16
7
13
15
14
5
9
14
10
13
14
7
11
12
10
13
17
8
21
15
11
23
26
24
26
32
31
9
30
28
34
7
9
45
45
14
55
33
23
61
28
39
35
49
31
20
17
25
10
11
42
12
19
15
69
10
39
12
42
24
14
21
20
26
18
28
15
17
8
21
20
11
32
10
15
22
14
21
5
12
19
13
10
7
9
9
13
13
14
16
7
22
14
17
21
33
22
18
9
16
21
11
16
8
12
25
17
16
24
19
21
24
32
29
20
7
43
16
11
9
8
17
19
12
10
10
21
38
13
33
25
16
23
60
59
14
59
11
14
19
11
11
11
10
8
14
12
12
14
5
12
19
12
11
15
11
16
20
40
13
38
42
18
11
14
11
10
14
27
24
32
31
41
23
27
16
19
62
57
56
81
67
16
83
91
14
22
52
13
17
8
43
7
43
8
24
45
50
11
11
8
5
83
35
27
70
11
40
135
21
53
17
21
12
24
5
48
13
40
17
14
36
45
5
10
19
11
13
14
13
6
16
19
10
16
10
7
21
30
20
42
47
26
7
11
55
88
53
30
31
31
29
28
15
14
17
25
14
5
18
20
9
62
60
61
62
104
112
131
112
97
20
121
129
32
122
13
129
140
76
32
5
21
26
29
9
30
7
14
8
22
14
13
13
12
13
14
16
11
11
18
24
12
19
8
11
13
9
11
12
12
15
14
11
12
20
11
6
5
13
21
29
10
12
14
7
12
36
51
19
29
31
20
23
14
16
21
24
23
15
9
30
13
23
17
18
36
26
15
24
24
18
16
23
17
28
35
10
19
10
35
7
13
15
15
19
19
16
7
8
13
11
12
9
7
7
10
18
17
18
27
22
20
17
6
28
29
6
34
16
8
10
12
9
10
12
14
30
21
17
12
42
11
10
9
12
9
8
15
31
37
33
24
38
38
38
14
39
43
12
10
25
21
24
21
94
67
57
54
148
15
17
16
18
7
28
10
9
12
14
15
13
21
29
28
34
10
12
9
7
15
17
18
11
10
15
6
15
10
20
14
24
26
10
28
12
14
14
9
18
17
6
5
9
15
6
11
8
7
12
22
11
17
19
20
17
9
10
9
10
36
35
27
29
27
9
15
16
23
18
7
27
22
44
22
44
6
54
13
54
61
11
18
18
55
11
78
73
119
34
44
41
59
86
85
22
65
11
31
49
49
17
17
18
15
23
27
9
30
23
36
53
18
18
12
12
21
21
15
26
14
16
9
24
17
25
19
8
23
13
14
8
40
14
10
10
10
18
16
8
8
17
17
16
23
8
13
19
18
17
19
11
27
13
16
9
14
29
24
20
19
16
21
11
25
27
12
16
32
16
30
44
9
46
24
18
25
12
36
40
34
22
20
23
20
5
16
20
9
21
29
32
29
43
30
12
12
20
21
22
36
18
22
41
62
21
27
38
18
50
21
32
39
17
20
8
10
24
32
17
14
26
23
10
24
9
18
16
16
20
23
23
27
20
20
37
12
29
21
15
36
41
9
10
50
7
11
17
14
12
16
18
6
13
10
51
68
68
42
17
61
37
55
42
56
64
43
19
56
57
36
25
38
61
68
36
26
28
41
117
26
29
40
78
41
14
54
31
33
52
19
25
12
23
6
12
29
7
20
10
18
20
27
20
9
36
19
10
19
12
17
23
18
12
41
6
9
10
26
17
19
33
28
9
42
27
27
13
8
19
14
15
9
23
10
26
10
5
8
14
8
28
32
14
15
18
29
20
26
26
7
47
39
18
9
16
18
29
39
30
42
13
6
58
38
10
36
38
38
9
12
20
24
21
19
24
9
8
9
19
12
24
20
10
23
19
10
10
14
27
8
6
8
15
6
7
14
27
27
7
10
15
24
11
14
11
23
23
69
67
46
13
37
36
7
24
19
54
11
13
15
28
32
16
45
22
54
54
10
19
11
22
16
11
24
33
21
16
29
31
6
46
57
15
44
52
22
34
22
32
36
14
8
46
36
24
27
39
56
90
20
66
80
8
99
46
13
66
145
221
136
179
17
134
235
332
192
211
213
8
11
14
10
15
39
14
7
12
7
14
7
10
10
11
13
14
6
13
16
14
9
17
12
11
8
11
9
10
7
13
18
13
17
23
9
10
22
4
13
12
21
10
14
10
10
6
13
10
8
18
15
20
10
13
14
5
11
10
7
11
5
6
6
11
17
11
6
10
8
10
14
10
16
10
12
13
13
16
10
17
12
18
15
16
19
10
8
19
19
77
80
52
45
41
8
5
5
10
11
12
10
4
13
11
5
11
7
7
9
9
10
14
18
13
14
12
10
13
16
5
23
10
10
10
15
7
21
24
25
20
24
20
29
6
8
25
27
11
37
29
14
37
40
38
56
12
11
23
25
10
20
9
11
18
17
10
20
21
20
9
33
41
79
7
13
13
21
16
10
11
8
19
9
20
21
10
9
9
11
24
9
16
30
34
15
17
13
13
13
14
14
13
27
16
11
29
11
9
11
7
9
12
18
17
23
26
7
18
14
15
11
18
11
12
14
19
24
18
6
17
9
12
13
22
7
16
15
20
14
8
9
10
17
14
38
56
38
32
109
124
14
14
43
26
19
12
21
8
12
6
14
25
8
10
4
14
6
40
25
41
7
45
79
14
17
19
16
21
29
30
10
16
13
19
24
21
6
13
19
32
24
11
24
10
26
28
26
40
52
34
20
20
7
64
10
18
12
12
19
9
20
18
9
27
14
13
27
12
19
19
18
17
9
18
20
10
7
9
20
26
17
9
10
20
13
7
23
33
18
36
16
20
13
24
22
12
18
6
12
51
21
87
28
19
44
14
37
45
44
43
65
44
56
54
30
26
70
41
59
32
30
48
14
16
15
13
15
42
37
42
29
45
33
13
17
13
14
6
17
24
41
44
22
48
35
33
16
10
9
30
33
16
12
11
15
30
18
17
25
29
20
24
25
8
27
12
24
13
41
40
38
38
63
137
130
258
260
253
185
60
13
66
179
16
32
29
26
18
24
16
32
28
28
38
17
25
21
32
37
37
36
41
11
18
30
30
41
45
33
33
37
14
15
13
15
33
25
18
27
27
24
8
23
19
22
24
37
19
14
9
14
42
12
40
21
10
20
11
16
32
35
34
41
6
17
7
24
22
26
24
25
7
28
22
18
25
15
28
13
13
14
15
30
35
22
47
11
18
17
41
30
14
17
38
31
29
33
60
30
15
30
45
24
19
60
14
20
79
17
10
53
14
36
12
34
8
34
21
20
27
11
25
14
14
15
9
8
23
18
14
13
16
16
9
14
16
7
9
13
13
15
17
15
11
14
13
12
15
13
11
56
38
56
39
18
12
16
29
60
54
41
32
26
68
37
41
55
10
33
56
13
31
35
67
46
46
28
33
25
28
15
53
24
56
38
38
38
60
8
19
28
13
35
23
17
33
7
18
16
18
12
22
7
18
20
19
18
10
9
18
16
18
22
32
33
12
12
6
12
13
14
29
9
19
20
16
7
28
15
22
13
23
22
11
22
25
18
27
15
15
7
21
21
20
40
26
39
15
8
12
13
28
49
43
55
27
46
12
63
70
73
16
19
12
17
23
24
35
26
20
27
40
21
41
38
76
56
45
94
15
13
33
14
37
64
15
12
13
7
15
15
12
15
17
21
6
24
22
8
19
15
21
13
23
23
13
11
26
28
10
25
16
19
15
38
16
35
9
27
17
9
26
20
30
47
33
35
41
7
27
46
29
41
24
13
15
16
29
20
35
50
53
86
20
63
36
10
25
20
6
26
22
23
13
18
24
10
7
31
22
39
16
20
23
17
14
17
8
15
28
15
39
15
7
21
40
50
53
30
13
55
58
15
12
61
39
111
125
50
20
14
32
23
26
